2350.0 377.0 -1032.0
2472.0 310.0 -1095.0
2867.0 50.0 -1237.0
2700.0 82.0 -1202.0
2625.0 222.0 -1100.0
2572.0 237.0 -1110.0
2842.0 135.0 -1277.0
2877.0 150.0 -1237.0
2797.0 227.0 -1160.0
2670.0 280.0 -1125.0
2620.0 290.0 -982.0
2587.0 320.0 -1027.0
2610.0 195.0 -1160.0
2625.0 160.0 -1120.0
2665.0 320.0 -1155.0
2635.0 295.0 -1160.0
2502.0 140.0 -1135.0
2592.0 150.0 -1197.0
2680.0 170.0 -1202.0
2892.0 190.0 -1160.0
2782.0 310.0 -1115.0
2725.0 257.0 -1135.0
2487.0 325.0 -952.0
2497.0 290.0 -1007.0
2645.0 212.0 -1227.0
2655.0 202.0 -1212.0
2640.0 285.0 -1165.0
2635.0 270.0 -1187.0
2625.0 232.0 -1150.0
2592.0 170.0 -1090.0
2827.0 165.0 -1160.0
2700.0 180.0 -1192.0
2817.0 342.0 -1177.0
2740.0 300.0 -1125.0
2537.0 295.0 -982.0
2615.0 280.0 -1045.0
2695.0 150.0 -1262.0
2700.0 195.0 -1207.0
2620.0 237.0 -1160.0
2527.0 170.0 -1125.0
2802.0 122.0 -1197.0
2782.0 202.0 -1192.0
2725.0 332.0 -1110.0
2680.0 320.0 -1055.0
2542.0 275.0 -1070.0
2605.0 217.0 -1105.0
2670.0 222.0 -1115.0
2630.0 232.0 -1140.0
2640.0 217.0 -1177.0
2812.0 135.0 -1267.0
2112.0 632.0 -1170.0
2050.0 725.0 -1182.0
2117.0 767.0 -1242.0
2177.0 720.0 -1247.0
2187.0 627.0 -1120.0
2385.0 455.0 -1320.0
2345.0 445.0 -1252.0
2280.0 487.0 -1182.0
2452.0 540.0 -1257.0
2370.0 670.0 -1182.0
2142.0 642.0 -1135.0
2207.0 642.0 -1160.0
2247.0 632.0 -1155.0
2192.0 580.0 -1182.0
2420.0 527.0 -1267.0
2542.0 580.0 -1187.0
2325.0 627.0 -1060.0
2242.0 632.0 -1135.0
2290.0 535.0 -1182.0
2242.0 555.0 -1177.0
2290.0 632.0 -1207.0
2310.0 642.0 -1165.0
2252.0 487.0 -1182.0
2385.0 502.0 -1262.0
2415.0 502.0 -1262.0
2517.0 545.0 -1227.0
2415.0 665.0 -1120.0
2390.0 570.0 -1192.0
2262.0 680.0 -1022.0
2127.0 675.0 -1017.0
2295.0 575.0 -1155.0
2262.0 570.0 -1217.0
2360.0 560.0 -1237.0
2375.0 517.0 -1247.0
2330.0 575.0 -1207.0
2242.0 637.0 -1177.0
2212.0 612.0 -1155.0
2262.0 585.0 -1170.0
2267.0 545.0 -1237.0
2400.0 502.0 -1282.0
2522.0 482.0 -1355.0
2572.0 487.0 -1365.0
2442.0 652.0 -1150.0
2405.0 632.0 -1135.0
2415.0 575.0 -1227.0
2290.0 700.0 -1135.0
2280.0 725.0 -1192.0
2370.0 657.0 -1207.0
2252.0 747.0 -1070.0
2275.0 757.0 -1027.0
1822.0 1042.0 -1425.0
1802.0 1017.0 -1305.0
1730.0 997.0 -1292.0
1872.0 1075.0 -1170.0
1812.0 965.0 -1155.0
1965.0 820.0 -1227.0
2157.0 792.0 -1247.0
2000.0 990.0 -1085.0
1892.0 960.0 -1045.0
2090.0 835.0 -1242.0
1990.0 927.0 -1237.0
2177.0 815.0 -1325.0
2137.0 867.0 -1282.0
1882.0 1002.0 -1150.0
2015.0 927.0 -1120.0
1950.0 887.0 -1135.0
2000.0 922.0 -1177.0
2075.0 1037.0 -1160.0
1970.0 1075.0 -1095.0
1950.0 887.0 -1160.0
2045.0 907.0 -1297.0
1965.0 860.0 -1232.0
1937.0 935.0 -1207.0
2147.0 840.0 -1267.0
2162.0 860.0 -1262.0
2050.0 985.0 -1182.0
2000.0 1017.0 -1095.0
1822.0 927.0 -1155.0
1877.0 872.0 -1202.0
1970.0 887.0 -1197.0
2050.0 912.0 -1227.0
2020.0 892.0 -1227.0
1950.0 935.0 -1212.0
1912.0 902.0 -1165.0
2020.0 877.0 -1267.0
2305.0 840.0 -1305.0
2257.0 882.0 -1222.0
1950.0 1002.0 -1037.0
1922.0 1007.0 -1022.0
1937.0 940.0 -1145.0
1975.0 835.0 -1202.0
1980.0 825.0 -1247.0
1995.0 917.0 -1237.0
1892.0 907.0 -1227.0
1950.0 892.0 -1242.0
2202.0 902.0 -1267.0
2192.0 950.0 -1247.0
1862.0 965.0 -1022.0
1902.0 917.0 -1115.0
2020.0 907.0 -1197.0
1617.0 975.0 -1292.0
1582.0 1100.0 -1277.0
1587.0 1042.0 -1315.0
1537.0 1205.0 -1177.0
1597.0 1137.0 -1292.0
1502.0 1132.0 -1330.0
1765.0 1110.0 -1325.0
1557.0 1205.0 -1207.0
1660.0 1100.0 -1365.0
1775.0 1115.0 -1420.0
1730.0 1152.0 -1330.0
1582.0 1240.0 -1237.0
1562.0 1167.0 -1257.0
1527.0 1177.0 -1315.0
1740.0 1125.0 -1370.0
1537.0 1282.0 -1110.0
1467.0 1205.0 -1207.0
1612.0 1167.0 -1305.0
1487.0 1132.0 -1232.0
1567.0 1235.0 -1232.0
1577.0 1250.0 -1207.0
1527.0 1187.0 -1217.0
1467.0 1132.0 -1247.0
1755.0 1245.0 -1222.0
1617.0 1167.0 -1202.0
1625.0 1162.0 -1247.0
1567.0 1125.0 -1272.0
1705.0 1142.0 -1297.0
1557.0 1182.0 -1217.0
1597.0 1172.0 -1282.0
1735.0 1157.0 -1365.0
1695.0 1177.0 -1340.0
1607.0 1172.0 -1227.0
1587.0 1177.0 -1207.0
1730.0 1110.0 -1375.0
1720.0 1230.0 -1272.0
1665.0 1152.0 -1262.0
1650.0 1230.0 -1257.0
1775.0 1220.0 -1262.0
1695.0 1205.0 -1227.0
1587.0 1200.0 -1187.0
1467.0 1152.0 -1222.0
1725.0 1172.0 -1182.0
1675.0 1157.0 -1247.0
1607.0 1167.0 -1252.0
1645.0 1137.0 -1350.0
1705.0 1230.0 -1247.0
1582.0 1205.0 -1242.0
1675.0 1152.0 -1287.0
1765.0 1162.0 -1330.0
1400.0 1215.0 -1502.0
1542.0 1302.0 -1145.0
1405.0 1240.0 -1105.0
1395.0 1537.0 -1345.0
1450.0 1525.0 -1282.0
1445.0 1520.0 -1310.0
1365.0 1520.0 -1272.0
1330.0 1552.0 -1287.0
1487.0 1582.0 -1305.0
1350.0 1437.0 -1370.0
1320.0 1465.0 -1310.0
1512.0 1412.0 -1497.0
1445.0 1532.0 -1385.0
1425.0 1515.0 -1345.0
1355.0 1475.0 -1350.0
1405.0 1577.0 -1257.0
1445.0 1490.0 -1282.0
1400.0 1500.0 -1330.0
1335.0 1532.0 -1222.0
1512.0 1485.0 -1330.0
1410.0 1532.0 -1267.0
1425.0 1525.0 -1262.0
1325.0 1537.0 -1207.0
1405.0 1547.0 -1222.0
1487.0 1442.0 -1400.0
1400.0 1520.0 -1277.0
1370.0 1537.0 -1297.0
1300.0 1520.0 -1262.0
1445.0 1567.0 -1222.0
1380.0 1605.0 -1217.0
1380.0 1495.0 -1345.0
1517.0 1567.0 -1305.0
1390.0 1577.0 -1350.0
1325.0 1567.0 -1272.0
1410.0 1505.0 -1277.0
1425.0 1532.0 -1282.0
1527.0 1552.0 -1305.0
1410.0 1572.0 -1125.0
1365.0 1495.0 -1297.0
1365.0 1465.0 -1310.0
1315.0 1547.0 -1292.0
1420.0 1510.0 -1305.0
1557.0 1412.0 -1375.0
1445.0 1470.0 -1297.0
1435.0 1437.0 -1305.0
1320.0 1432.0 -1315.0
1335.0 1457.0 -1237.0
1462.0 1385.0 -1272.0
1507.0 1452.0 -1310.0
1467.0 1485.0 -1232.0
1125.0 1402.0 -1482.0
1030.0 1662.0 -1472.0
1040.0 1677.0 -1447.0
975.0 1640.0 -1487.0
1000.0 1645.0 -1420.0
985.0 1662.0 -1365.0
957.0 1552.0 -1472.0
1080.0 1547.0 -1425.0
1020.0 1640.0 -1442.0
967.0 1667.0 -1457.0
1105.0 1630.0 -1390.0
985.0 1625.0 -1385.0
1030.0 1667.0 -1365.0
1025.0 1407.0 -1380.0
1105.0 1745.0 -1360.0
1070.0 1852.0 -1282.0
1115.0 1655.0 -1345.0
1070.0 1717.0 -1297.0
1162.0 1735.0 -1350.0
1110.0 1692.0 -1297.0
1182.0 1697.0 -1305.0
1105.0 1827.0 -1292.0
1060.0 1765.0 -1305.0
1147.0 1730.0 -1252.0
1080.0 1832.0 -1197.0
1207.0 1697.0 -1257.0
1242.0 1677.0 -1320.0
1227.0 1620.0 -1277.0
1192.0 1562.0 -1247.0
1345.0 1610.0 -1212.0
1315.0 1645.0 -1252.0
1192.0 1625.0 -1272.0
1130.0 1587.0 -1232.0
1345.0 1672.0 -1287.0
1227.0 1592.0 -1277.0
1095.0 1520.0 -1287.0
1300.0 1605.0 -1350.0
1202.0 1582.0 -1282.0
1217.0 1620.0 -1350.0
1237.0 1745.0 -1350.0
1192.0 1615.0 -1390.0
1212.0 1650.0 -1272.0
1212.0 1592.0 -1202.0
1257.0 1500.0 -1297.0
1187.0 1495.0 -1267.0
1152.0 1470.0 -1305.0
1177.0 1557.0 -1257.0
1267.0 1537.0 -1297.0
1187.0 1640.0 -1130.0
1222.0 1582.0 -1267.0
775.0 1635.0 -1452.0
780.0 1667.0 -1405.0
765.0 1740.0 -1477.0
842.0 1662.0 -1527.0
710.0 1790.0 -1400.0
642.0 1750.0 -1442.0
695.0 1707.0 -1447.0
685.0 1717.0 -1390.0
685.0 1707.0 -1472.0
680.0 1760.0 -1370.0
800.0 1765.0 -1462.0
685.0 1812.0 -1405.0
655.0 1682.0 -1442.0
650.0 1775.0 -1380.0
685.0 1662.0 -1472.0
775.0 1662.0 -1452.0
690.0 1672.0 -1345.0
812.0 1625.0 -1385.0
857.0 1485.0 -1457.0
695.0 1600.0 -1237.0
765.0 1610.0 -1320.0
790.0 1592.0 -1400.0
795.0 1552.0 -1355.0
872.0 1687.0 -1335.0
817.0 1755.0 -1330.0
650.0 1722.0 -1370.0
665.0 1682.0 -1310.0
917.0 1697.0 -1420.0
725.0 1750.0 -1277.0
730.0 1645.0 -1457.0
755.0 1650.0 -1375.0
882.0 1682.0 -1437.0
735.0 1790.0 -1282.0
705.0 1735.0 -1345.0
720.0 1687.0 -1390.0
795.0 1682.0 -1415.0
755.0 1662.0 -1410.0
937.0 1635.0 -1487.0
842.0 1650.0 -1467.0
730.0 1655.0 -1390.0
837.0 1702.0 -1390.0
822.0 1655.0 -1380.0
745.0 1707.0 -1375.0
745.0 1717.0 -1345.0
760.0 1625.0 -1430.0
822.0 1630.0 -1467.0
902.0 1740.0 -1365.0
735.0 1697.0 -1345.0
735.0 1687.0 -1282.0
755.0 1797.0 -1325.0
360.0 1932.0 -1512.0
365.0 1995.0 -1447.0
385.0 1797.0 -1320.0
542.0 1740.0 -1305.0
592.0 1785.0 -1350.0
532.0 1847.0 -1355.0
475.0 1802.0 -1272.0
655.0 1852.0 -1262.0
650.0 1832.0 -1310.0
450.0 1797.0 -1395.0
497.0 1857.0 -1320.0
450.0 1790.0 -1305.0
435.0 1770.0 -1262.0
537.0 1807.0 -1380.0
562.0 1870.0 -1320.0
547.0 1852.0 -1370.0
567.0 1780.0 -1492.0
557.0 1790.0 -1442.0
562.0 1987.0 -1277.0
512.0 1932.0 -1252.0
562.0 1817.0 -1410.0
420.0 1817.0 -1390.0
562.0 1890.0 -1345.0
562.0 1865.0 -1335.0
557.0 1822.0 -1345.0
480.0 1857.0 -1335.0
415.0 1880.0 -1202.0
385.0 1865.0 -1242.0
512.0 1812.0 -1355.0
637.0 1780.0 -1395.0
582.0 1812.0 -1380.0
487.0 1837.0 -1360.0
480.0 1937.0 -1165.0
350.0 1910.0 -1182.0
587.0 1790.0 -1452.0
607.0 1775.0 -1467.0
480.0 1842.0 -1360.0
470.0 1780.0 -1437.0
642.0 1802.0 -1430.0
622.0 1832.0 -1400.0
480.0 1865.0 -1267.0
527.0 1852.0 -1297.0
542.0 1802.0 -1287.0
455.0 1797.0 -1355.0
455.0 1837.0 -1310.0
512.0 1717.0 -1442.0
480.0 1775.0 -1415.0
522.0 1817.0 -1385.0
567.0 1807.0 -1415.0
537.0 1885.0 -1375.0
30.0 1937.0 -1492.0
182.0 1920.0 -1355.0
197.0 1885.0 -1360.0
30.0 2010.0 -1345.0
125.0 1995.0 -1442.0
110.0 1905.0 -1447.0
262.0 2030.0 -1415.0
20.0 2040.0 -1375.0
182.0 2010.0 -1517.0
130.0 1957.0 -1575.0
120.0 1952.0 -1467.0
40.0 2067.0 -1305.0
155.0 2010.0 -1380.0
30.0 1995.0 -1390.0
85.0 1942.0 -1492.0
75.0 2097.0 -1345.0
55.0 1982.0 -1437.0
25.0 2092.0 -1462.0
65.0 2062.0 -1320.0
55.0 2050.0 -1375.0
15.0 2062.0 -1305.0
192.0 2000.0 -1472.0
60.0 2097.0 -1425.0
10.0 1995.0 -1405.0
10.0 2005.0 -1410.0
167.0 1932.0 -1512.0
10.0 2072.0 -1330.0
35.0 2015.0 -1452.0
247.0 2020.0 -1487.0
85.0 2035.0 -1395.0
65.0 1977.0 -1492.0
45.0 2082.0 -1487.0
90.0 2000.0 -1395.0
267.0 1932.0 -1522.0
25.0 2035.0 -1345.0
5.0 2067.0 -1340.0
100.0 2067.0 -1360.0
10.0 1942.0 -1405.0
242.0 1982.0 -1462.0
187.0 2025.0 -1462.0
50.0 2025.0 -1400.0
130.0 1962.0 -1462.0
60.0 1977.0 -1425.0
30.0 2015.0 -1385.0
237.0 2040.0 -1457.0
120.0 2102.0 -1380.0
35.0 2050.0 -1345.0
15.0 2030.0 -1345.0
217.0 1987.0 -1457.0
125.0 2097.0 -1282.0
-380.0 2207.0 -1462.0
-252.0 2092.0 -1585.0
-370.0 2217.0 -1457.0
-385.0 2315.0 -1420.0
-297.0 2135.0 -1517.0
-307.0 2222.0 -1442.0
-282.0 2207.0 -1462.0
-312.0 2102.0 -1415.0
-302.0 2087.0 -1415.0
-257.0 1962.0 -1492.0
-247.0 2000.0 -1487.0
-10.0 1905.0 -1492.0
-10.0 2005.0 -1325.0
-15.0 2092.0 -1187.0
0.0 2035.0 -1400.0
0.0 1987.0 -1410.0
-55.0 2062.0 -1305.0
-25.0 1967.0 -1405.0
-25.0 2180.0 -1237.0
-135.0 2135.0 -1242.0
-15.0 2030.0 -1350.0
-60.0 1952.0 -1447.0
-30.0 1995.0 -1350.0
-90.0 2005.0 -1400.0
-65.0 2122.0 -1150.0
-20.0 2107.0 -1105.0
-25.0 2062.0 -1375.0
-105.0 2082.0 -1232.0
-20.0 2050.0 -1330.0
-370.0 2425.0 -1315.0
-292.0 2382.0 -1297.0
-40.0 2207.0 -1420.0
-35.0 2367.0 -1192.0
-120.0 2320.0 -1292.0
-150.0 2415.0 -1310.0
-212.0 2377.0 -1385.0
0.0 2362.0 -1355.0
-222.0 2440.0 -1182.0
-135.0 2395.0 -1320.0
-120.0 2382.0 -1355.0
-15.0 2327.0 -1462.0
-70.0 2410.0 -1345.0
-80.0 2377.0 -1287.0
-162.0 2400.0 -1232.0
0.0 2280.0 -1447.0
-172.0 2462.0 -1222.0
-177.0 2310.0 -1345.0
-120.0 2337.0 -1360.0
0.0 2387.0 -1355.0
-20.0 2342.0 -1335.0
-882.0 2445.0 -1207.0
-827.0 2377.0 -1237.0
-812.0 2347.0 -1430.0
-790.0 2327.0 -1430.0
-817.0 2332.0 -1512.0
-795.0 2222.0 -1527.0
-745.0 2237.0 -1547.0
-800.0 2327.0 -1457.0
-800.0 2415.0 -1415.0
-680.0 2197.0 -1547.0
-760.0 2252.0 -1522.0
-745.0 2252.0 -1542.0
-795.0 2320.0 -1517.0
-837.0 2315.0 -1477.0
-822.0 2352.0 -1522.0
-817.0 2265.0 -1595.0
-800.0 2320.0 -1512.0
-755.0 2290.0 -1562.0
-790.0 2222.0 -1580.0
-837.0 2310.0 -1482.0
-770.0 2300.0 -1430.0
-790.0 2372.0 -1365.0
-740.0 2295.0 -1477.0
-785.0 2252.0 -1502.0
-655.0 2300.0 -1492.0
-557.0 2237.0 -1477.0
-532.0 2130.0 -1430.0
-527.0 2112.0 -1437.0
-517.0 2202.0 -1467.0
-527.0 2197.0 -1492.0
-430.0 2145.0 -1517.0
-420.0 2117.0 -1482.0
-425.0 2145.0 -1487.0
-522.0 2170.0 -1482.0
-470.0 2165.0 -1512.0
-552.0 2145.0 -1482.0
-612.0 2257.0 -1320.0
-527.0 2222.0 -1320.0
-420.0 2222.0 -1467.0
-415.0 2135.0 -1552.0
-405.0 2102.0 -1542.0
-527.0 2130.0 -1492.0
-537.0 2107.0 -1487.0
-542.0 2135.0 -1477.0
-430.0 2175.0 -1482.0
-470.0 2170.0 -1447.0
-390.0 2170.0 -1557.0
-470.0 2150.0 -1547.0
-527.0 2265.0 -1380.0
-587.0 2257.0 -1282.0
-1345.0 2352.0 -1532.0
-1390.0 2445.0 -1442.0
-1330.0 2405.0 -1237.0
-1000.0 2395.0 -1292.0
-1025.0 2395.0 -1257.0
-912.0 2435.0 -1272.0
-975.0 2415.0 -1305.0
-942.0 2382.0 -1365.0
-902.0 2430.0 -1355.0
-892.0 2445.0 -1345.0
-942.0 2445.0 -1320.0
-932.0 2440.0 -1277.0
-957.0 2410.0 -1257.0
-1005.0 2352.0 -1222.0
-1060.0 2347.0 -1375.0
-985.0 2315.0 -1442.0
-882.0 2300.0 -1472.0
-872.0 2320.0 -1430.0
-907.0 2305.0 -1442.0
-1010.0 2275.0 -1330.0
-967.0 2295.0 -1365.0
-877.0 2257.0 -1517.0
-872.0 2315.0 -1507.0
-917.0 2280.0 -1497.0
-897.0 2275.0 -1452.0
-962.0 2400.0 -1370.0
-937.0 2425.0 -1297.0
-1050.0 2310.0 -1365.0
-1040.0 2265.0 -1375.0
-872.0 2332.0 -1452.0
-862.0 2320.0 -1497.0
-917.0 2382.0 -1447.0
-927.0 2332.0 -1457.0
-942.0 2265.0 -1410.0
-962.0 2252.0 -1442.0
-1015.0 2280.0 -1462.0
-1005.0 2270.0 -1492.0
-892.0 2337.0 -1477.0
-917.0 2280.0 -1395.0
-892.0 2310.0 -1430.0
-937.0 2367.0 -1415.0
-932.0 2395.0 -1405.0
-937.0 2377.0 -1512.0
-837.0 2247.0 -1585.0
-937.0 2362.0 -1420.0
-1040.0 2362.0 -1365.0
-1005.0 2337.0 -1385.0
-837.0 2257.0 -1542.0
-857.0 2280.0 -1575.0
-917.0 2227.0 -1420.0
-1990.0 2400.0 -1452.0
-1950.0 2482.0 -1437.0
-1695.0 2285.0 -1502.0
-1587.0 2265.0 -1542.0
-1592.0 2372.0 -1477.0
-1680.0 2497.0 -1360.0
-1765.0 2400.0 -1430.0
-1715.0 2352.0 -1442.0
-1655.0 2347.0 -1537.0
-1685.0 2247.0 -1570.0
-1577.0 2257.0 -1557.0
-1612.0 2295.0 -1467.0
-1867.0 2462.0 -1320.0
-1902.0 2450.0 -1405.0
-1705.0 2372.0 -1452.0
-1705.0 2415.0 -1452.0
-1745.0 2327.0 -1415.0
-1700.0 2347.0 -1492.0
-1592.0 2362.0 -1447.0
-1650.0 2415.0 -1405.0
-1740.0 2285.0 -1467.0
-1750.0 2320.0 -1472.0
-1837.0 2455.0 -1452.0
-1770.0 2352.0 -1522.0
-1607.0 2342.0 -1492.0
-1807.0 2472.0 -1330.0
-1775.0 2400.0 -1430.0
-1675.0 2342.0 -1502.0
-1765.0 2320.0 -1467.0
-1592.0 2347.0 -1522.0
-1625.0 2497.0 -1430.0
-1730.0 2462.0 -1360.0
-1572.0 2395.0 -1512.0
-1640.0 2420.0 -1537.0
-1770.0 2395.0 -1462.0
-1567.0 2315.0 -1595.0
-1665.0 2387.0 -1507.0
-1612.0 2425.0 -1477.0
-1842.0 2512.0 -1287.0
-1842.0 2507.0 -1310.0
-1932.0 2445.0 -1292.0
-1950.0 2420.0 -1340.0
-1897.0 2467.0 -1335.0
-1877.0 2445.0 -1330.0
-1740.0 2462.0 -1375.0
-1802.0 2455.0 -1390.0
-1745.0 2455.0 -1420.0
-1710.0 2450.0 -1410.0
-1625.0 2362.0 -1532.0
-1635.0 2352.0 -1557.0
-2907.0 2462.0 -1355.0
-2740.0 2435.0 -1425.0
-2172.0 2352.0 -1472.0
-2247.0 2357.0 -1497.0
-2567.0 2545.0 -1380.0
-2620.0 2517.0 -1330.0
-2600.0 2400.0 -1472.0
-2370.0 2327.0 -1585.0
-2482.0 2362.0 -1595.0
-2547.0 2367.0 -1497.0
-2350.0 2295.0 -1537.0
-2380.0 2352.0 -1477.0
-2582.0 2492.0 -1340.0
-2695.0 2530.0 -1330.0
-2507.0 2305.0 -1575.0
-2517.0 2300.0 -1625.0
-2462.0 2347.0 -1502.0
-2552.0 2387.0 -1542.0
-2567.0 2357.0 -1425.0
-2562.0 2342.0 -1492.0
-2385.0 2285.0 -1580.0
-2420.0 2310.0 -1527.0
-2467.0 2502.0 -1410.0
-2567.0 2477.0 -1385.0
-2650.0 2405.0 -1340.0
-2675.0 2362.0 -1405.0
-2507.0 2337.0 -1512.0
-2477.0 2300.0 -1512.0
-2512.0 2415.0 -1522.0
-2522.0 2367.0 -1497.0
-2467.0 2305.0 -1537.0
-2360.0 2252.0 -1575.0
-2355.0 2445.0 -1547.0
-2340.0 2467.0 -1492.0
-2600.0 2387.0 -1415.0
-2567.0 2357.0 -1477.0
-2562.0 2372.0 -1487.0
-2572.0 2347.0 -1492.0
-2447.0 2430.0 -1477.0
-2477.0 2467.0 -1457.0
-2532.0 2372.0 -1457.0
-2630.0 2415.0 -1442.0
-2390.0 2252.0 -1610.0
-2425.0 2327.0 -1512.0
-2670.0 2462.0 -1340.0
-2517.0 2405.0 -1452.0
-2537.0 2410.0 -1487.0
-2517.0 2337.0 -1452.0
-2415.0 2367.0 -1447.0
-2400.0 2382.0 -1447.0
-3725.0 2222.0 -1305.0
-3635.0 2327.0 -1217.0
-3787.0 2202.0 -1237.0
-3725.0 2207.0 -1242.0
-3680.0 2155.0 -1305.0
-3615.0 2150.0 -1282.0
-3867.0 2290.0 -1065.0
-3817.0 2237.0 -1177.0
-3670.0 2122.0 -1325.0
-3715.0 2160.0 -1355.0
-3625.0 2140.0 -1305.0
-3685.0 2135.0 -1277.0
-3620.0 2247.0 -1222.0
-3665.0 2222.0 -1247.0
-3930.0 2295.0 -1022.0
-3822.0 2222.0 -1070.0
-3670.0 2155.0 -1345.0
-3680.0 2150.0 -1310.0
-3762.0 2212.0 -1217.0
-3807.0 2270.0 -1242.0
-3782.0 2202.0 -1305.0
-3507.0 2145.0 -1330.0
-3487.0 2122.0 -1315.0
-3690.0 2237.0 -1212.0
-3812.0 2315.0 -1045.0
-3812.0 2257.0 -1145.0
-3757.0 2197.0 -1282.0
-3747.0 2270.0 -1237.0
-3787.0 2207.0 -1262.0
-3747.0 2165.0 -1320.0
-3517.0 2117.0 -1335.0
-3537.0 2150.0 -1370.0
-3645.0 2145.0 -1340.0
-3557.0 2135.0 -1310.0
-3417.0 2367.0 -1222.0
-3390.0 2400.0 -1217.0
-3280.0 2410.0 -1267.0
-3197.0 2440.0 -1272.0
-3222.0 2387.0 -1252.0
-3275.0 2395.0 -1277.0
-3055.0 2275.0 -1345.0
-3087.0 2300.0 -1277.0
-3255.0 2415.0 -1207.0
-3427.0 2467.0 -1105.0
-3280.0 2357.0 -1227.0
-3290.0 2362.0 -1262.0
-3325.0 2352.0 -1305.0
-3275.0 2382.0 -1232.0
-3310.0 2327.0 -1380.0
-3192.0 2305.0 -1385.0
-4030.0 2082.0 -1310.0
-4087.0 2062.0 -1305.0
-3837.0 1952.0 -1380.0
-3905.0 1977.0 -1390.0
-3872.0 2097.0 -1335.0
-3852.0 2122.0 -1310.0
-4062.0 2170.0 -1160.0
-4137.0 2190.0 -1150.0
-3990.0 2055.0 -1305.0
-3965.0 2035.0 -1355.0
-3980.0 2062.0 -1320.0
-4025.0 2107.0 -1305.0
-3990.0 2045.0 -1340.0
-3965.0 2035.0 -1355.0
-3882.0 2087.0 -1272.0
-3905.0 2160.0 -1227.0
-3985.0 2035.0 -1305.0
-3960.0 2062.0 -1287.0
-4055.0 2077.0 -1232.0
-4087.0 2072.0 -1272.0
-3955.0 1995.0 -1355.0
-3737.0 2025.0 -1395.0
-3900.0 2135.0 -1252.0
-4015.0 2145.0 -1222.0
-4062.0 2035.0 -1287.0
-4077.0 2055.0 -1262.0
-3955.0 2122.0 -1330.0
-3930.0 2082.0 -1330.0
-4062.0 1977.0 -1365.0
-3935.0 2005.0 -1365.0
-3920.0 2000.0 -1365.0
-3772.0 2025.0 -1325.0
-3827.0 2102.0 -1320.0
-3910.0 2092.0 -1282.0
-4127.0 2150.0 -1130.0
-4055.0 2145.0 -1217.0
-3862.0 2020.0 -1355.0
-3935.0 2030.0 -1380.0
-4127.0 2000.0 -1257.0
-4117.0 2005.0 -1320.0
-3965.0 2020.0 -1385.0
-3762.0 1932.0 -1477.0
-3705.0 1987.0 -1405.0
-3817.0 1995.0 -1365.0
-3910.0 2150.0 -1247.0
-3940.0 2190.0 -1262.0
-4112.0 2102.0 -1155.0
-4127.0 2145.0 -1165.0
-4030.0 2015.0 -1320.0
-4010.0 2010.0 -1282.0
-5575.0 1017.0 -972.0
-5355.0 1142.0 -982.0
-5502.0 1390.0 -722.0
-5502.0 1317.0 -860.0
-5367.0 1297.0 -880.0
-5467.0 1287.0 -895.0
-5382.0 1360.0 -865.0
-5362.0 1307.0 -835.0
-5442.0 1312.0 -917.0
-5487.0 1260.0 -850.0
-5285.0 1317.0 -937.0
-5472.0 1335.0 -845.0
-5412.0 1287.0 -905.0
-5260.0 1235.0 -1007.0
-5427.0 1297.0 -880.0
-5215.0 1260.0 -987.0
-5157.0 1225.0 -967.0
-5290.0 1287.0 -900.0
-5467.0 1317.0 -937.0
-5492.0 1312.0 -860.0
-5240.0 1312.0 -890.0
-5367.0 1322.0 -800.0
-5407.0 1330.0 -982.0
-5447.0 1240.0 -942.0
-5335.0 1282.0 -937.0
-5507.0 1355.0 -800.0
-5427.0 1345.0 -927.0
-5432.0 1277.0 -927.0
-5355.0 1282.0 -917.0
-5417.0 1287.0 -820.0
-5507.0 1250.0 -977.0
-5442.0 1182.0 -905.0
-5167.0 1230.0 -1002.0
-5230.0 1282.0 -922.0
-5422.0 1230.0 -910.0
-5250.0 1250.0 -997.0
-5230.0 1187.0 -1055.0
-5260.0 1235.0 -992.0
-5387.0 1277.0 -870.0
-5305.0 1235.0 -917.0
-5492.0 1230.0 -967.0
-5255.0 1245.0 -1045.0
-5472.0 1385.0 -805.0
-5600.0 1390.0 -805.0
-5367.0 1277.0 -957.0
-5437.0 1272.0 -840.0
-5245.0 1230.0 -947.0
-5290.0 1230.0 -972.0
-5387.0 1245.0 -910.0
-5340.0 1292.0 -917.0
-6310.0 45.0 -737.0
-6320.0 77.0 -810.0
-6037.0 92.0 -890.0
-6180.0 232.0 -805.0
-6167.0 122.0 -815.0
-6205.0 102.0 -875.0
-6137.0 55.0 -927.0
-6042.0 50.0 -917.0
-6325.0 155.0 -727.0
-6270.0 117.0 -772.0
-6337.0 112.0 -845.0
-6132.0 82.0 -952.0
-6295.0 140.0 -785.0
-6300.0 67.0 -785.0
-6330.0 45.0 -767.0
-6185.0 40.0 -880.0
-6142.0 102.0 -772.0
-6052.0 67.0 -875.0
-6077.0 25.0 -952.0
-6220.0 165.0 -820.0
-6127.0 67.0 -932.0
-6162.0 97.0 -957.0
-6087.0 92.0 -900.0
-6255.0 237.0 -687.0
-6220.0 165.0 -830.0
-6245.0 92.0 -850.0
-6097.0 35.0 -905.0
-6185.0 145.0 -835.0
-6270.0 77.0 -777.0
-6245.0 117.0 -777.0
-6280.0 50.0 -855.0
-6290.0 72.0 -922.0
-6062.0 30.0 -910.0
-6137.0 237.0 -785.0
-6180.0 122.0 -845.0
-6225.0 77.0 -865.0
-6255.0 55.0 -885.0
-6152.0 55.0 -997.0
-6142.0 190.0 -835.0
-6245.0 175.0 -712.0
-6245.0 127.0 -890.0
-6270.0 5.0 -860.0
-6132.0 102.0 -885.0
-6310.0 207.0 -697.0
-6300.0 202.0 -860.0
-6270.0 92.0 -835.0
-6152.0 77.0 -835.0
-6260.0 135.0 -682.0
-6270.0 112.0 -917.0
-6290.0 87.0 -875.0
-6635.0 -1132.0 -712.0
-6595.0 -1125.0 -737.0
-6712.0 -975.0 -645.0
-6757.0 -1002.0 -682.0
-6565.0 -1022.0 -717.0
-6580.0 -1057.0 -747.0
-6875.0 -980.0 -525.0
-6792.0 -1002.0 -585.0
-6650.0 -1095.0 -697.0
-6667.0 -1052.0 -747.0
-6747.0 -1090.0 -580.0
-6802.0 -1057.0 -640.0
-6655.0 -1100.0 -717.0
-6452.0 -1047.0 -652.0
-6682.0 -1002.0 -517.0
-6787.0 -990.0 -590.0
-6717.0 -1057.0 -737.0
-6787.0 -997.0 -717.0
-6792.0 -1105.0 -652.0
-6605.0 -1070.0 -682.0
-6535.0 -975.0 -657.0
-6620.0 -927.0 -645.0
-6722.0 -970.0 -570.0
-6900.0 -1017.0 -540.0
-6737.0 -1052.0 -652.0
-6687.0 -1052.0 -692.0
-6737.0 -1057.0 -652.0
-6565.0 -1070.0 -727.0
-6620.0 -980.0 -590.0
-6742.0 -990.0 -507.0
-6615.0 -1125.0 -727.0
-6650.0 -1070.0 -722.0
-6752.0 -1047.0 -652.0
-6742.0 -1100.0 -727.0
-6545.0 -1085.0 -692.0
-6615.0 -1037.0 -652.0
-6767.0 -965.0 -620.0
-6717.0 -1007.0 -635.0
-6722.0 -997.0 -640.0
-6792.0 -1057.0 -712.0
-6432.0 -1070.0 -722.0
-6505.0 -1017.0 -662.0
-6747.0 -997.0 -580.0
-6757.0 -1037.0 -625.0
-6762.0 -1037.0 -682.0
-6712.0 -1057.0 -682.0
-6812.0 -1012.0 -672.0
-6672.0 -1037.0 -645.0
-6545.0 -1007.0 -672.0
-6540.0 -1002.0 -657.0
-6970.0 -2270.0 -702.0
-6885.0 -2140.0 -667.0
-6925.0 -2010.0 -732.0
-6920.0 -2005.0 -742.0
-6950.0 -2005.0 -795.0
-6915.0 -2005.0 -785.0
-6797.0 -1967.0 -712.0
-6845.0 -1952.0 -742.0
-6975.0 -1967.0 -722.0
-6807.0 -2030.0 -860.0
-6840.0 -2005.0 -777.0
-6960.0 -2010.0 -727.0
-6797.0 -2050.0 -805.0
-6797.0 -2005.0 -777.0
-7002.0 -1910.0 -575.0
-7012.0 -1977.0 -682.0
-6835.0 -2000.0 -717.0
-6885.0 -1977.0 -692.0
-6905.0 -2025.0 -790.0
-6727.0 -2117.0 -880.0
-6890.0 -1952.0 -742.0
-6880.0 -1952.0 -662.0
-6930.0 -2005.0 -672.0
-6950.0 -1987.0 -692.0
-6920.0 -1915.0 -767.0
-6905.0 -1962.0 -722.0
-7027.0 -2020.0 -777.0
-6970.0 -2020.0 -772.0
-6812.0 -2030.0 -830.0
-6687.0 -2077.0 -865.0
-6737.0 -1937.0 -747.0
-6890.0 -1947.0 -702.0
-7017.0 -1910.0 -635.0
-6940.0 -1957.0 -620.0
-6835.0 -2005.0 -835.0
-6817.0 -2020.0 -845.0
-6940.0 -2000.0 -702.0
-6975.0 -1995.0 -687.0
-6850.0 -2020.0 -762.0
-6630.0 -2045.0 -845.0
-6757.0 -1947.0 -757.0
-6860.0 -1952.0 -712.0
-7062.0 -1857.0 -595.0
-7007.0 -1967.0 -625.0
-6825.0 -2015.0 -762.0
-6840.0 -1995.0 -805.0
-6970.0 -1925.0 -717.0
-6955.0 -1952.0 -712.0
-6925.0 -2000.0 -752.0
-6677.0 -2020.0 -895.0
-6987.0 -3982.0 -620.0
-6975.0 -3990.0 -712.0
-6930.0 -3890.0 -692.0
-7082.0 -3890.0 -590.0
-6970.0 -3847.0 -512.0
-7082.0 -3895.0 -507.0
-6935.0 -3962.0 -657.0
-6915.0 -3967.0 -677.0
-6925.0 -3755.0 -535.0
-6997.0 -3947.0 -565.0
-6950.0 -3957.0 -692.0
-7012.0 -3972.0 -742.0
-6777.0 -3865.0 -575.0
-6890.0 -3900.0 -630.0
-6930.0 -3905.0 -682.0
-6930.0 -3900.0 -605.0
-6845.0 -3875.0 -652.0
-6930.0 -3847.0 -575.0
-6885.0 -3957.0 -712.0
-6865.0 -3900.0 -717.0
-6772.0 -3797.0 -630.0
-6880.0 -3785.0 -530.0
-6935.0 -3837.0 -640.0
-6802.0 -3770.0 -732.0
-6987.0 -3610.0 -717.0
-6935.0 -3625.0 -722.0
-6825.0 -3687.0 -722.0
-6830.0 -3707.0 -615.0
-7052.0 -3730.0 -635.0
-7012.0 -3760.0 -652.0
-6980.0 -3682.0 -625.0
-6960.0 -3730.0 -677.0
-6802.0 -3792.0 -727.0
-6880.0 -3645.0 -625.0
-6992.0 -3672.0 -580.0
-6992.0 -3697.0 -595.0
-6895.0 -3717.0 -717.0
-6935.0 -3760.0 -667.0
-6777.0 -3880.0 -747.0
-6817.0 -3770.0 -702.0
-7037.0 -3677.0 -512.0
-7082.0 -3735.0 -575.0
-6885.0 -3770.0 -697.0
-6915.0 -3677.0 -657.0
-6945.0 -3812.0 -697.0
-6865.0 -3822.0 -707.0
-6845.0 -3707.0 -630.0
-6965.0 -3740.0 -600.0
-6825.0 -3785.0 -717.0
-6920.0 -3745.0 -697.0
-6610.0 -5542.0 -610.0
-6555.0 -5407.0 -707.0
-6667.0 -5292.0 -517.0
-6655.0 -5392.0 -570.0
-6625.0 -5442.0 -635.0
-6630.0 -5320.0 -525.0
-6625.0 -5370.0 -635.0
-6585.0 -5392.0 -667.0
-6467.0 -5387.0 -662.0
-6600.0 -5325.0 -652.0
-6570.0 -5350.0 -662.0
-6462.0 -5380.0 -702.0
-6545.0 -5240.0 -640.0
-6515.0 -5370.0 -742.0
-6615.0 -5282.0 -752.0
-6442.0 -5345.0 -737.0
-6540.0 -5115.0 -530.0
-6595.0 -5230.0 -687.0
-6625.0 -5272.0 -702.0
-6565.0 -5240.0 -605.0
-6717.0 -5297.0 -530.0
-6515.0 -5302.0 -737.0
-6590.0 -5345.0 -687.0
-6452.0 -5282.0 -620.0
-6505.0 -5195.0 -555.0
-6600.0 -5335.0 -625.0
-6682.0 -5340.0 -530.0
-6630.0 -5350.0 -605.0
-6662.0 -5350.0 -550.0
-6742.0 -5325.0 -517.0
-6555.0 -5320.0 -625.0
-6575.0 -5325.0 -502.0
-6540.0 -5320.0 -535.0
-6545.0 -5375.0 -555.0
-6722.0 -5350.0 -447.0
-6630.0 -5375.0 -545.0
-6630.0 -5402.0 -630.0
-6535.0 -5335.0 -625.0
-6727.0 -5235.0 -492.0
-6732.0 -5167.0 -662.0
-6682.0 -5167.0 -640.0
-6535.0 -5292.0 -652.0
-6545.0 -5235.0 -615.0
-6830.0 -5122.0 -492.0
-6732.0 -5240.0 -517.0
-6625.0 -5215.0 -605.0
-6615.0 -5287.0 -565.0
-6555.0 -5287.0 -677.0
-6555.0 -5215.0 -652.0
-6645.0 -5302.0 -570.0
-5837.0 -6892.0 -625.0
-5905.0 -6902.0 -595.0
-6107.0 -6777.0 -600.0
-5985.0 -6757.0 -635.0
-5910.0 -6912.0 -722.0
-5885.0 -6940.0 -722.0
-6077.0 -6810.0 -682.0
-6062.0 -6795.0 -652.0
-5975.0 -6887.0 -682.0
-6077.0 -6852.0 -652.0
-6087.0 -6872.0 -595.0
-6042.0 -6867.0 -662.0
-6012.0 -6892.0 -640.0
-6052.0 -6892.0 -620.0
-6067.0 -6897.0 -610.0
-6057.0 -6872.0 -645.0
-6022.0 -6805.0 -657.0
-6017.0 -6810.0 -667.0
-6022.0 -6862.0 -687.0
-6102.0 -6790.0 -707.0
-6005.0 -6852.0 -667.0
-5980.0 -6877.0 -682.0
-5915.0 -6887.0 -640.0
-5925.0 -6872.0 -692.0
-5935.0 -6882.0 -687.0
-5900.0 -6877.0 -687.0
-5965.0 -6907.0 -702.0
-5925.0 -6935.0 -777.0
-6052.0 -6877.0 -635.0
-5900.0 -6920.0 -702.0
-5890.0 -6920.0 -722.0
-6022.0 -6920.0 -652.0
-5910.0 -6852.0 -692.0
-5910.0 -6872.0 -702.0
-5925.0 -6897.0 -682.0
-5930.0 -6867.0 -692.0
-5980.0 -6867.0 -682.0
-5950.0 -6867.0 -702.0
-6012.0 -6867.0 -697.0
-5945.0 -6852.0 -630.0
-5975.0 -6887.0 -657.0
-5980.0 -6882.0 -652.0
-5905.0 -6852.0 -687.0
-5940.0 -6840.0 -752.0
-5885.0 -6925.0 -702.0
-5890.0 -6925.0 -737.0
-5920.0 -6940.0 -707.0
-5925.0 -6920.0 -742.0
-6077.0 -6852.0 -615.0
-5930.0 -6935.0 -777.0
-4867.0 -8367.0 -325.0
-4920.0 -8395.0 -355.0
-4852.0 -8385.0 -330.0
-4895.0 -8405.0 -355.0
-4950.0 -8415.0 -380.0
-4940.0 -8462.0 -442.0
-4842.0 -8362.0 -540.0
-4867.0 -8265.0 -575.0
-4910.0 -8357.0 -595.0
-5000.0 -8372.0 -600.0
-4970.0 -8337.0 -575.0
-5015.0 -8390.0 -507.0
-5010.0 -8390.0 -517.0
-4945.0 -8405.0 -545.0
-4975.0 -8467.0 -590.0
-4925.0 -8380.0 -517.0
-4970.0 -8415.0 -605.0
-4940.0 -8447.0 -610.0
-4890.0 -8385.0 -540.0
-4857.0 -8400.0 -565.0
-4852.0 -8312.0 -492.0
-4847.0 -8300.0 -422.0
-4837.0 -8372.0 -555.0
-4920.0 -8312.0 -472.0
-5047.0 -8227.0 -380.0
-4960.0 -8255.0 -432.0
-5122.0 -8265.0 -447.0
-5102.0 -8265.0 -447.0
-4970.0 -8305.0 -545.0
-5000.0 -8270.0 -535.0
-5037.0 -8212.0 -585.0
-5020.0 -8170.0 -630.0
-5097.0 -8125.0 -560.0
-5162.0 -8082.0 -517.0
-5092.0 -8197.0 -482.0
-5102.0 -8222.0 -560.0
-4920.0 -8362.0 -640.0
-4880.0 -8400.0 -605.0
-4767.0 -8222.0 -605.0
-4890.0 -8265.0 -580.0
-4995.0 -8145.0 -502.0
-5015.0 -8155.0 -502.0
-5122.0 -8145.0 -427.0
-5112.0 -8120.0 -397.0
-5285.0 -8072.0 -477.0
-5215.0 -8087.0 -472.0
-5172.0 -7972.0 -575.0
-5295.0 -7990.0 -590.0
-5335.0 -7942.0 -492.0
-5245.0 -7922.0 -492.0
-3467.0 -9455.0 -227.0
-3552.0 -9470.0 -212.0
-3542.0 -9432.0 -380.0
-3610.0 -9470.0 -222.0
-3537.0 -9527.0 -330.0
-3492.0 -9465.0 -375.0
-3467.0 -9495.0 -375.0
-3487.0 -9427.0 -325.0
-3605.0 -9490.0 -247.0
-3487.0 -9382.0 -330.0
-3477.0 -9490.0 -482.0
-3557.0 -9527.0 -502.0
-3532.0 -9407.0 -497.0
-3575.0 -9422.0 -412.0
-3590.0 -9465.0 -407.0
-3562.0 -9485.0 -402.0
-3695.0 -9445.0 -330.0
-3665.0 -9455.0 -355.0
-3670.0 -9392.0 -242.0
-3660.0 -9370.0 -237.0
-3575.0 -9417.0 -325.0
-3660.0 -9432.0 -340.0
-3580.0 -9480.0 -437.0
-3590.0 -9465.0 -380.0
-3512.0 -9522.0 -412.0
-3502.0 -9465.0 -442.0
-3512.0 -9455.0 -422.0
-3605.0 -9432.0 -427.0
-3590.0 -9412.0 -427.0
-3512.0 -9402.0 -402.0
-3477.0 -9455.0 -350.0
-3487.0 -9470.0 -407.0
-3507.0 -9480.0 -402.0
-3557.0 -9470.0 -385.0
-3462.0 -9485.0 -402.0
-3467.0 -9500.0 -432.0
-3557.0 -9422.0 -397.0
-3462.0 -9500.0 -467.0
-3522.0 -9465.0 -345.0
-3487.0 -9480.0 -365.0
-3512.0 -9475.0 -427.0
-3477.0 -9480.0 -442.0
-3492.0 -9495.0 -380.0
-3512.0 -9437.0 -360.0
-3472.0 -9437.0 -422.0
-3527.0 -9480.0 -407.0
-3547.0 -9422.0 -355.0
-3517.0 -9470.0 -407.0
-3497.0 -9470.0 -355.0
-3462.0 -9500.0 -370.0
-1812.0 -10177.0 -417.0
-1802.0 -10192.0 -452.0
-1882.0 -10010.0 -325.0
-1955.0 -10042.0 -182.0
-1897.0 -10097.0 -280.0
-1842.0 -10182.0 -370.0
-1837.0 -10067.0 -407.0
-1950.0 -10145.0 -380.0
-1877.0 -10197.0 -345.0
-1807.0 -10140.0 -330.0
-1837.0 -10102.0 -325.0
-1985.0 -10077.0 -192.0
-2040.0 -10062.0 -167.0
-1950.0 -10110.0 -300.0
-1822.0 -10187.0 -355.0
-1812.0 -10207.0 -417.0
-1837.0 -10170.0 -340.0
-1862.0 -10170.0 -385.0
-1817.0 -10250.0 -360.0
-1780.0 -10087.0 -265.0
-2010.0 -10155.0 -247.0
-1995.0 -10082.0 -355.0
-2015.0 -10047.0 -407.0
-2132.0 -9975.0 -375.0
-2187.0 -10015.0 -350.0
-2305.0 -10067.0 -402.0
-2187.0 -10047.0 -472.0
-1965.0 -10072.0 -345.0
-1950.0 -10030.0 -340.0
-2100.0 -10062.0 -325.0
-2202.0 -9947.0 -212.0
-2305.0 -9990.0 -212.0
-2252.0 -10025.0 -252.0
-2127.0 -10035.0 -370.0
-2147.0 -10042.0 -360.0
-2252.0 -10097.0 -305.0
-2060.0 -10087.0 -350.0
-2035.0 -10042.0 -290.0
-2075.0 -10000.0 -280.0
-2217.0 -9952.0 -227.0
-2360.0 -10010.0 -280.0
-2222.0 -9995.0 -325.0
-2187.0 -10062.0 -330.0
-2207.0 -10000.0 -340.0
-2192.0 -9985.0 -265.0
-2182.0 -10110.0 -375.0
-2132.0 -10150.0 -392.0
-2152.0 -9975.0 -310.0
-2202.0 -9937.0 -300.0
-2267.0 -9980.0 -247.0
-30.0 -10160.0 -315.0
-115.0 -10182.0 -330.0
-115.0 -10150.0 -237.0
-20.0 -10150.0 -325.0
-35.0 -10270.0 -467.0
-35.0 -10237.0 -345.0
-25.0 -10150.0 -380.0
-25.0 -10160.0 -402.0
-10.0 -10245.0 -385.0
-10.0 -10227.0 -325.0
-105.0 -10307.0 -335.0
-120.0 -10207.0 -330.0
-35.0 -10140.0 -192.0
-85.0 -10165.0 -265.0
-125.0 -10182.0 -345.0
-120.0 -10202.0 -320.0
-30.0 -10270.0 -402.0
-75.0 -10300.0 -385.0
-85.0 -10237.0 -392.0
-100.0 -10312.0 -452.0
-172.0 -10270.0 -392.0
-187.0 -10265.0 -340.0
-120.0 -10222.0 -345.0
-135.0 -10280.0 -320.0
-115.0 -10237.0 -305.0
-85.0 -10255.0 -380.0
-177.0 -10170.0 -310.0
-192.0 -10197.0 -375.0
-202.0 -10232.0 -412.0
-187.0 -10265.0 -345.0
-155.0 -10307.0 -447.0
-197.0 -10255.0 -432.0
-242.0 -10177.0 -340.0
-415.0 -10160.0 -192.0
-202.0 -10155.0 -345.0
-187.0 -10120.0 -365.0
-177.0 -10155.0 -355.0
-80.0 -10270.0 -467.0
-100.0 -10202.0 -427.0
-45.0 -10312.0 -407.0
-60.0 -10290.0 -427.0
-65.0 -10260.0 -457.0
-45.0 -10307.0 -447.0
-100.0 -10160.0 -310.0
-182.0 -10140.0 -295.0
-267.0 -10170.0 -237.0
-307.0 -10160.0 -237.0
-242.0 -10250.0 -315.0
-247.0 -10270.0 -447.0
-212.0 -10312.0 -432.0
1577.0 -9642.0 -575.0
1507.0 -9720.0 -497.0
1207.0 -9837.0 -385.0
1187.0 -9845.0 -427.0
1430.0 -9832.0 -447.0
1630.0 -9807.0 -550.0
1577.0 -9715.0 -487.0
1537.0 -9725.0 -427.0
1277.0 -9625.0 -325.0
1310.0 -9750.0 -392.0
1492.0 -9827.0 -530.0
1547.0 -9802.0 -512.0
1330.0 -9725.0 -422.0
1282.0 -9755.0 -442.0
1425.0 -9760.0 -457.0
1695.0 -9777.0 -585.0
1650.0 -9745.0 -545.0
1557.0 -9760.0 -467.0
1355.0 -9620.0 -350.0
1350.0 -9605.0 -257.0
1242.0 -9692.0 -252.0
1300.0 -9682.0 -247.0
1350.0 -9777.0 -422.0
1400.0 -9817.0 -392.0
1370.0 -9730.0 -370.0
1502.0 -9745.0 -452.0
1477.0 -9735.0 -492.0
1410.0 -9750.0 -427.0
1430.0 -9750.0 -442.0
1482.0 -9720.0 -407.0
1355.0 -9657.0 -417.0
1315.0 -9697.0 -392.0
1375.0 -9715.0 -392.0
1375.0 -9750.0 -427.0
1350.0 -9682.0 -422.0
1370.0 -9725.0 -392.0
1292.0 -9755.0 -422.0
1335.0 -9702.0 -442.0
1300.0 -9735.0 -452.0
1320.0 -9777.0 -447.0
1330.0 -9730.0 -365.0
1350.0 -9725.0 -412.0
1345.0 -9657.0 -437.0
1350.0 -9677.0 -407.0
1445.0 -9750.0 -477.0
1492.0 -9725.0 -452.0
1425.0 -9777.0 -457.0
1410.0 -9715.0 -442.0
1440.0 -9702.0 -432.0
1395.0 -9755.0 -422.0
3112.0 -8570.0 -677.0
2935.0 -8582.0 -580.0
3000.0 -8705.0 -535.0
2995.0 -8665.0 -487.0
2710.0 -8530.0 -335.0
2665.0 -8540.0 -310.0
2827.0 -8705.0 -550.0
2807.0 -8717.0 -565.0
2797.0 -8622.0 -492.0
2755.0 -8587.0 -417.0
2897.0 -8650.0 -535.0
2827.0 -8665.0 -540.0
2970.0 -8622.0 -482.0
2862.0 -8592.0 -375.0
2715.0 -8670.0 -417.0
2745.0 -8680.0 -447.0
2772.0 -8645.0 -487.0
2762.0 -8622.0 -437.0
2750.0 -8670.0 -492.0
2892.0 -8655.0 -605.0
2925.0 -8645.0 -555.0
2970.0 -8685.0 -540.0
2822.0 -8502.0 -365.0
2710.0 -8525.0 -335.0
2792.0 -8607.0 -512.0
2777.0 -8645.0 -467.0
2797.0 -8575.0 -507.0
2797.0 -8587.0 -462.0
2777.0 -8607.0 -497.0
2735.0 -8670.0 -497.0
2925.0 -8712.0 -530.0
2930.0 -8655.0 -545.0
2892.0 -8540.0 -442.0
2847.0 -8565.0 -340.0
2787.0 -8622.0 -442.0
2787.0 -8627.0 -530.0
2847.0 -8582.0 -550.0
2812.0 -8560.0 -472.0
2862.0 -8632.0 -502.0
3030.0 -8655.0 -595.0
2950.0 -8575.0 -487.0
2917.0 -8545.0 -457.0
2620.0 -8602.0 -392.0
2710.0 -8570.0 -432.0
2935.0 -8650.0 -565.0
2930.0 -8675.0 -595.0
2745.0 -8597.0 -517.0
2720.0 -8565.0 -462.0
2777.0 -8622.0 -482.0
2767.0 -8665.0 -380.0
3852.0 -6772.0 -667.0
3842.0 -6902.0 -742.0
3782.0 -6920.0 -692.0
3807.0 -6867.0 -677.0
3822.0 -6845.0 -652.0
3792.0 -6820.0 -635.0
3767.0 -6805.0 -722.0
3807.0 -6857.0 -687.0
3905.0 -6852.0 -742.0
3920.0 -6882.0 -697.0
3905.0 -6892.0 -757.0
3857.0 -6840.0 -682.0
3882.0 -6872.0 -712.0
3837.0 -6877.0 -657.0
3910.0 -6887.0 -732.0
3925.0 -6907.0 -737.0
3892.0 -6892.0 -652.0
3945.0 -6862.0 -640.0
3900.0 -6892.0 -777.0
3892.0 -6907.0 -772.0
3842.0 -6815.0 -635.0
3877.0 -6887.0 -767.0
3867.0 -6887.0 -747.0
3822.0 -6862.0 -652.0
3930.0 -6897.0 -722.0
3955.0 -6912.0 -717.0
3925.0 -6892.0 -757.0
3930.0 -6882.0 -747.0
3887.0 -6857.0 -692.0
3900.0 -6872.0 -702.0
3797.0 -6795.0 -625.0
3852.0 -6790.0 -707.0
3847.0 -6820.0 -712.0
3822.0 -6800.0 -585.0
3847.0 -6867.0 -712.0
3862.0 -6820.0 -682.0
3782.0 -6805.0 -702.0
3827.0 -6835.0 -692.0
3857.0 -6830.0 -697.0
3847.0 -6862.0 -677.0
3782.0 -6815.0 -630.0
3867.0 -6805.0 -717.0
3892.0 -6852.0 -742.0
3842.0 -6815.0 -625.0
3925.0 -6882.0 -737.0
3925.0 -6887.0 -737.0
3925.0 -6872.0 -747.0
3945.0 -6862.0 -737.0
3955.0 -6872.0 -717.0
3910.0 -6852.0 -707.0
4152.0 -5167.0 -790.0
4107.0 -5360.0 -815.0
4107.0 -5500.0 -767.0
4107.0 -5485.0 -757.0
4097.0 -5527.0 -810.0
4062.0 -5485.0 -830.0
4157.0 -5475.0 -790.0
4167.0 -5552.0 -922.0
4270.0 -5527.0 -922.0
4207.0 -5510.0 -880.0
4427.0 -5572.0 -942.0
4437.0 -5605.0 -927.0
4472.0 -5552.0 -932.0
4462.0 -5542.0 -870.0
4375.0 -5495.0 -932.0
4365.0 -5522.0 -947.0
4162.0 -5495.0 -840.0
4187.0 -5562.0 -910.0
4137.0 -5527.0 -947.0
4147.0 -5515.0 -810.0
4117.0 -5537.0 -875.0
4102.0 -5485.0 -922.0
4142.0 -5542.0 -875.0
4117.0 -5515.0 -850.0
4172.0 -5527.0 -777.0
4127.0 -5490.0 -772.0
4202.0 -5485.0 -840.0
4275.0 -5542.0 -880.0
4102.0 -5417.0 -762.0
4192.0 -5422.0 -772.0
4315.0 -5485.0 -722.0
4270.0 -5427.0 -795.0
4397.0 -5527.0 -900.0
4230.0 -5532.0 -845.0
4152.0 -5460.0 -757.0
4142.0 -5480.0 -767.0
4202.0 -5475.0 -825.0
4212.0 -5505.0 -850.0
4067.0 -5475.0 -762.0
4167.0 -5407.0 -777.0
4315.0 -5437.0 -727.0
4250.0 -5485.0 -795.0
4147.0 -5510.0 -875.0
4235.0 -5510.0 -815.0
4192.0 -5432.0 -835.0
4167.0 -5447.0 -815.0
4177.0 -5442.0 -747.0
4117.0 -5422.0 -645.0
4182.0 -5480.0 -772.0
4355.0 -5505.0 -865.0
4172.0 -3557.0 -810.0
4230.0 -3712.0 -767.0
4117.0 -3875.0 -727.0
4112.0 -3792.0 -712.0
4207.0 -3847.0 -830.0
4250.0 -3812.0 -785.0
4345.0 -3880.0 -900.0
4240.0 -3812.0 -790.0
4217.0 -3832.0 -850.0
4360.0 -3905.0 -895.0
4182.0 -3792.0 -850.0
4187.0 -3792.0 -895.0
4212.0 -3780.0 -762.0
4162.0 -3812.0 -767.0
4172.0 -3812.0 -752.0
4152.0 -3760.0 -727.0
4340.0 -3817.0 -840.0
4157.0 -3740.0 -840.0
4162.0 -3785.0 -840.0
4325.0 -3837.0 -922.0
4355.0 -3880.0 -870.0
4355.0 -3870.0 -905.0
4452.0 -4000.0 -977.0
4432.0 -3990.0 -942.0
4167.0 -3990.0 -972.0
4212.0 -3972.0 -895.0
4197.0 -3927.0 -865.0
4212.0 -3932.0 -795.0
4157.0 -3900.0 -845.0
4235.0 -3900.0 -895.0
4187.0 -3832.0 -870.0
4182.0 -3797.0 -927.0
4280.0 -3895.0 -927.0
4225.0 -3905.0 -947.0
4290.0 -3895.0 -880.0
4270.0 -3927.0 -917.0
4182.0 -3875.0 -810.0
4207.0 -3905.0 -880.0
4207.0 -3875.0 -815.0
4167.0 -3847.0 -805.0
4092.0 -3837.0 -682.0
4142.0 -3842.0 -652.0
4207.0 -3865.0 -762.0
4192.0 -3870.0 -840.0
4310.0 -3852.0 -860.0
4335.0 -3875.0 -885.0
4240.0 -3947.0 -922.0
4412.0 -3967.0 -972.0
4255.0 -3947.0 -957.0
4187.0 -3920.0 -850.0
4040.0 -2352.0 -1017.0
4072.0 -2540.0 -1100.0
4050.0 -2690.0 -1070.0
4062.0 -2555.0 -1037.0
4020.0 -2535.0 -1002.0
3995.0 -2540.0 -997.0
4142.0 -2550.0 -1012.0
4157.0 -2575.0 -1032.0
4077.0 -2462.0 -967.0
4020.0 -2405.0 -900.0
3862.0 -2507.0 -910.0
3872.0 -2535.0 -932.0
3985.0 -2560.0 -982.0
4072.0 -2575.0 -1037.0
4010.0 -2570.0 -997.0
3960.0 -2570.0 -972.0
4077.0 -2612.0 -1017.0
4137.0 -2670.0 -1045.0
4230.0 -2637.0 -1075.0
4245.0 -2622.0 -1100.0
4000.0 -2462.0 -962.0
4000.0 -2395.0 -942.0
4137.0 -2467.0 -947.0
3857.0 -2455.0 -825.0
3847.0 -2430.0 -795.0
3990.0 -2445.0 -885.0
3787.0 -2462.0 -840.0
3807.0 -2440.0 -835.0
3782.0 -2497.0 -850.0
3782.0 -2472.0 -830.0
3812.0 -2462.0 -767.0
3817.0 -2440.0 -815.0
4025.0 -2467.0 -910.0
3892.0 -2450.0 -825.0
3980.0 -2492.0 -845.0
4107.0 -2487.0 -1002.0
4045.0 -2445.0 -972.0
4010.0 -2455.0 -967.0
4157.0 -2440.0 -927.0
4132.0 -2507.0 -967.0
4137.0 -2467.0 -1022.0
4177.0 -2482.0 -1017.0
4072.0 -2575.0 -1027.0
4255.0 -2545.0 -1095.0
4265.0 -2597.0 -1070.0
4082.0 -2550.0 -1027.0
4240.0 -2597.0 -1105.0
4197.0 -2597.0 -1105.0
4197.0 -2597.0 -1110.0
4240.0 -2612.0 -1060.0
3442.0 -1385.0 -1075.0
3670.0 -1640.0 -1037.0
3832.0 -1722.0 -1070.0
3862.0 -1650.0 -1060.0
3600.0 -1485.0 -870.0
3625.0 -1490.0 -885.0
3812.0 -1655.0 -1045.0
3777.0 -1625.0 -1085.0
3670.0 -1582.0 -977.0
3630.0 -1650.0 -977.0
3847.0 -1662.0 -1017.0
3877.0 -1605.0 -1032.0
3742.0 -1457.0 -957.0
3700.0 -1447.0 -835.0
3562.0 -1480.0 -747.0
3547.0 -1452.0 -777.0
3695.0 -1600.0 -1022.0
3730.0 -1572.0 -992.0
3655.0 -1547.0 -962.0
3832.0 -1592.0 -1105.0
3782.0 -1610.0 -1105.0
3665.0 -1562.0 -932.0
3792.0 -1630.0 -1080.0
3772.0 -1640.0 -1037.0
3817.0 -1630.0 -1012.0
3802.0 -1645.0 -1045.0
3777.0 -1605.0 -1032.0
3752.0 -1625.0 -977.0
3715.0 -1610.0 -982.0
3762.0 -1620.0 -1027.0
3710.0 -1635.0 -992.0
3680.0 -1577.0 -942.0
3792.0 -1692.0 -1120.0
3792.0 -1640.0 -1027.0
3767.0 -1610.0 -1045.0
3772.0 -1587.0 -1002.0
3630.0 -1577.0 -972.0
3580.0 -1600.0 -977.0
3685.0 -1552.0 -895.0
3532.0 -1567.0 -855.0
3600.0 -1542.0 -830.0
3685.0 -1515.0 -895.0
3557.0 -1520.0 -820.0
3552.0 -1505.0 -860.0
3585.0 -1537.0 -772.0
3575.0 -1510.0 -805.0
3542.0 -1577.0 -845.0
3527.0 -1572.0 -845.0
3685.0 -1537.0 -890.0
3567.0 -1542.0 -850.0
3270.0 -590.0 -1177.0
3502.0 -980.0 -1110.0
3350.0 -1200.0 -942.0
3380.0 -1200.0 -1060.0
3547.0 -1095.0 -1207.0
3512.0 -1052.0 -1165.0
3580.0 -1225.0 -1237.0
3640.0 -1172.0 -1272.0
3527.0 -1047.0 -1170.0
3422.0 -965.0 -987.0
3345.0 -990.0 -1007.0
3405.0 -1052.0 -1070.0
3390.0 -1100.0 -1165.0
3412.0 -1105.0 -1160.0
3512.0 -1132.0 -1237.0
3542.0 -1047.0 -1217.0
3405.0 -1115.0 -1110.0
3442.0 -1090.0 -1125.0
3517.0 -1100.0 -1187.0
3752.0 -1095.0 -1222.0
3625.0 -997.0 -1145.0
3502.0 -1002.0 -1065.0
3412.0 -1065.0 -1050.0
3442.0 -1075.0 -1085.0
3502.0 -1085.0 -1177.0
3492.0 -1037.0 -1140.0
3360.0 -1132.0 -1125.0
3400.0 -1142.0 -1160.0
3575.0 -1115.0 -1217.0
3685.0 -1080.0 -1160.0
3562.0 -1012.0 -1065.0
3452.0 -1022.0 -1080.0
3340.0 -1027.0 -1050.0
3437.0 -1095.0 -1130.0
3547.0 -1105.0 -1177.0
3527.0 -1085.0 -1207.0
3417.0 -990.0 -1170.0
3447.0 -1032.0 -1095.0
3405.0 -1095.0 -1150.0
3360.0 -1125.0 -1160.0
3552.0 -1177.0 -1217.0
3562.0 -1132.0 -1207.0
3665.0 -1100.0 -1140.0
3635.0 -1002.0 -1027.0
3310.0 -1065.0 -992.0
3290.0 -1017.0 -987.0
3335.0 -1125.0 -1100.0
3385.0 -1152.0 -1120.0
3447.0 -1065.0 -1125.0
3575.0 -1137.0 -1257.0
2832.0 -72.0 -1145.0
2872.0 -140.0 -1170.0
3065.0 -262.0 -1177.0
3005.0 -155.0 -1160.0
2837.0 -127.0 -1080.0
2842.0 -55.0 -1070.0
2990.0 -87.0 -1110.0
2842.0 -30.0 -977.0
2862.0 -45.0 -1135.0
2827.0 -77.0 -1085.0
2970.0 -112.0 -1115.0
2767.0 -10.0 -890.0
2767.0 -20.0 -1080.0
2822.0 -82.0 -1070.0
2887.0 -55.0 -1037.0
2720.0 -60.0 -997.0
2872.0 -87.0 -1155.0
2867.0 -175.0 -1140.0
3137.0 -112.0 -1120.0
2970.0 -30.0 -1070.0
2797.0 -122.0 -1085.0
2965.0 -150.0 -1135.0
2827.0 -150.0 -1120.0
2822.0 -127.0 -1100.0
2980.0 -145.0 -1177.0
2925.0 -97.0 -1115.0
2710.0 -35.0 -982.0
2710.0 -20.0 -1012.0
2955.0 -150.0 -1192.0
2925.0 -127.0 -1207.0
2862.0 -97.0 -1120.0
2807.0 -92.0 -1032.0
2877.0 -140.0 -1177.0
2917.0 -150.0 -1160.0
3137.0 -77.0 -1155.0
3025.0 -40.0 -1135.0
2735.0 -45.0 -977.0
2762.0 -50.0 -1037.0
2975.0 -190.0 -1177.0
2935.0 -122.0 -1247.0
2792.0 -55.0 -987.0
2782.0 -77.0 -1002.0
2827.0 -145.0 -1100.0
2995.0 -140.0 -1242.0
3045.0 -107.0 -1170.0
2980.0 -87.0 -1125.0
2745.0 -55.0 -1125.0
2930.0 -10.0 -1050.0
2882.0 -45.0 -1095.0
2807.0 -55.0 -1120.0
