1765.0 300.0 7227.0
1792.0 207.0 7467.0
1700.0 170.0 7487.0
1775.0 25.0 7410.0
1740.0 25.0 7420.0
1750.0 135.0 7472.0
1765.0 135.0 7457.0
1735.0 50.0 7395.0
1612.0 112.0 7477.0
1597.0 212.0 7665.0
1660.0 195.0 7542.0
1822.0 45.0 7420.0
1882.0 72.0 7420.0
1780.0 87.0 7477.0
1635.0 67.0 7482.0
1690.0 82.0 7472.0
1720.0 0.0 7395.0
1780.0 155.0 7467.0
1942.0 40.0 7435.0
1645.0 55.0 7497.0
1650.0 140.0 7425.0
1660.0 50.0 7497.0
1690.0 50.0 7425.0
1760.0 112.0 7502.0
1872.0 20.0 7420.0
1617.0 112.0 7537.0
1625.0 127.0 7537.0
1745.0 35.0 7462.0
1582.0 102.0 7557.0
1602.0 145.0 7532.0
1750.0 140.0 7580.0
1655.0 60.0 7472.0
1602.0 5.0 7477.0
1705.0 5.0 7457.0
1650.0 135.0 7542.0
1760.0 50.0 7442.0
1862.0 45.0 7385.0
1710.0 35.0 7477.0
1745.0 145.0 7430.0
1640.0 45.0 7502.0
1710.0 145.0 7547.0
1715.0 30.0 7425.0
1635.0 20.0 7452.0
1650.0 50.0 7502.0
1685.0 165.0 7537.0
1787.0 155.0 7482.0
1812.0 40.0 7452.0
1612.0 60.0 7477.0
1720.0 72.0 7420.0
1675.0 15.0 7405.0
1665.0 585.0 7192.0
1705.0 590.0 7135.0
1720.0 450.0 7177.0
1492.0 430.0 7207.0
1602.0 357.0 7247.0
1482.0 410.0 7320.0
1720.0 410.0 7242.0
1497.0 492.0 7385.0
1542.0 512.0 7340.0
1602.0 455.0 7385.0
1477.0 502.0 7292.0
1577.0 392.0 7282.0
1780.0 450.0 7272.0
1770.0 332.0 7125.0
1602.0 387.0 7242.0
1507.0 425.0 7287.0
1780.0 382.0 7227.0
1602.0 445.0 7345.0
1522.0 487.0 7375.0
1562.0 482.0 7340.0
1477.0 440.0 7292.0
1557.0 392.0 7297.0
1720.0 382.0 7192.0
1592.0 435.0 7282.0
1587.0 497.0 7330.0
1537.0 472.0 7292.0
1630.0 545.0 7335.0
1665.0 410.0 7262.0
1572.0 332.0 7302.0
1527.0 357.0 7282.0
1567.0 545.0 7405.0
1675.0 455.0 7345.0
1517.0 445.0 7315.0
1512.0 387.0 7292.0
1547.0 372.0 7320.0
1507.0 507.0 7410.0
1705.0 347.0 7297.0
1577.0 352.0 7310.0
1502.0 450.0 7330.0
1572.0 332.0 7297.0
1440.0 477.0 7492.0
1552.0 477.0 7400.0
1587.0 387.0 7335.0
1562.0 392.0 7325.0
1715.0 352.0 7292.0
1532.0 445.0 7380.0
1640.0 420.0 7340.0
1735.0 362.0 7297.0
1630.0 405.0 7400.0
1630.0 472.0 7325.0
1497.0 675.0 7227.0
1385.0 680.0 7335.0
1557.0 762.0 7257.0
1435.0 757.0 7325.0
1567.0 690.0 7272.0
1445.0 777.0 7315.0
1277.0 720.0 7365.0
1477.0 690.0 7262.0
1420.0 705.0 7227.0
1400.0 752.0 7207.0
1425.0 732.0 7272.0
1625.0 622.0 7202.0
1477.0 690.0 7257.0
1472.0 647.0 7292.0
1455.0 825.0 7310.0
1617.0 642.0 7192.0
1445.0 670.0 7292.0
1472.0 690.0 7242.0
1330.0 700.0 7297.0
1472.0 757.0 7310.0
1512.0 602.0 7192.0
1517.0 705.0 7267.0
1450.0 762.0 7335.0
1420.0 705.0 7350.0
1300.0 700.0 7340.0
1507.0 670.0 7197.0
1635.0 715.0 7232.0
1597.0 617.0 7155.0
1425.0 732.0 7277.0
1487.0 647.0 7272.0
1310.0 710.0 7325.0
1425.0 665.0 7257.0
1385.0 642.0 7182.0
1330.0 715.0 7310.0
1492.0 752.0 7277.0
1455.0 642.0 7192.0
1277.0 720.0 7325.0
1395.0 705.0 7202.0
1557.0 632.0 7150.0
1527.0 685.0 7267.0
1410.0 757.0 7297.0
1405.0 792.0 7365.0
1310.0 675.0 7277.0
1507.0 670.0 7177.0
1552.0 695.0 7252.0
1522.0 665.0 7192.0
1450.0 665.0 7177.0
1577.0 622.0 7207.0
1325.0 725.0 7257.0
1400.0 725.0 7262.0
1405.0 1152.0 7017.0
1330.0 1007.0 7442.0
1445.0 882.0 7380.0
1267.0 792.0 7390.0
1415.0 830.0 7355.0
1262.0 787.0 7345.0
1355.0 810.0 7335.0
1705.0 1370.0 7085.0
1655.0 1350.0 7070.0
1882.0 1292.0 7065.0
1867.0 1292.0 7155.0
1577.0 1312.0 7292.0
1645.0 1225.0 7227.0
1537.0 1215.0 7340.0
1655.0 1162.0 7310.0
1932.0 1210.0 7242.0
1897.0 1105.0 7202.0
1745.0 1157.0 7202.0
1660.0 1147.0 7170.0
1730.0 1037.0 7177.0
1655.0 1132.0 7267.0
1680.0 1142.0 7277.0
1755.0 1070.0 7227.0
1715.0 1100.0 7267.0
1760.0 1120.0 7202.0
1705.0 1220.0 7222.0
1730.0 1215.0 7310.0
1862.0 1142.0 7247.0
1700.0 1075.0 7170.0
1710.0 1080.0 7170.0
1735.0 1120.0 7120.0
1787.0 1095.0 7177.0
1770.0 1095.0 7140.0
1770.0 1115.0 7130.0
1700.0 1110.0 7267.0
1730.0 1137.0 7292.0
1715.0 1230.0 7222.0
1872.0 1167.0 7252.0
1807.0 1065.0 7115.0
1705.0 1142.0 7247.0
1680.0 1080.0 7177.0
1770.0 1057.0 7177.0
1792.0 1075.0 7207.0
1775.0 1052.0 7177.0
1827.0 1100.0 7155.0
1720.0 1162.0 7302.0
1685.0 1157.0 7177.0
1822.0 1115.0 7100.0
1735.0 1090.0 7177.0
1705.0 1132.0 7202.0
1187.0 1390.0 6947.0
1147.0 1322.0 7070.0
1177.0 1340.0 7042.0
1242.0 1345.0 6992.0
1227.0 1260.0 6937.0
1152.0 1345.0 7027.0
1147.0 1350.0 7085.0
1217.0 1375.0 7065.0
1300.0 1215.0 6992.0
1222.0 1390.0 7222.0
1152.0 1287.0 7160.0
1182.0 1307.0 7070.0
1182.0 1277.0 7145.0
1177.0 1380.0 7160.0
1272.0 1260.0 7120.0
1212.0 1215.0 7182.0
1282.0 1162.0 7160.0
1277.0 1220.0 7110.0
1075.0 1235.0 7217.0
1095.0 1260.0 7115.0
1167.0 1312.0 7257.0
1315.0 1177.0 7177.0
1130.0 1205.0 7135.0
1162.0 1235.0 7165.0
1100.0 1287.0 7282.0
1167.0 1307.0 7277.0
1320.0 1260.0 7182.0
1192.0 1167.0 7165.0
1217.0 1230.0 7187.0
1110.0 1302.0 7302.0
1075.0 1260.0 7277.0
1320.0 1110.0 7085.0
1085.0 1240.0 7222.0
1167.0 1210.0 7150.0
1252.0 1272.0 7292.0
1237.0 1312.0 7165.0
1177.0 1235.0 7177.0
1137.0 1250.0 7177.0
1300.0 1230.0 7155.0
1252.0 1187.0 7150.0
1217.0 1192.0 7160.0
1300.0 1210.0 7165.0
1182.0 1335.0 7222.0
1267.0 1235.0 7100.0
1202.0 1230.0 7165.0
1095.0 1267.0 7187.0
1110.0 1192.0 7177.0
1137.0 1317.0 7272.0
1237.0 1240.0 7182.0
1360.0 1192.0 7080.0
902.0 1510.0 7145.0
1070.0 1475.0 7065.0
1025.0 1402.0 7027.0
1005.0 1452.0 7017.0
957.0 1390.0 7032.0
957.0 1437.0 7022.0
902.0 1495.0 7202.0
912.0 1417.0 7042.0
887.0 1457.0 7120.0
980.0 1390.0 7100.0
1035.0 1437.0 7155.0
1025.0 1385.0 7037.0
1040.0 1355.0 7050.0
1130.0 1390.0 6967.0
942.0 1480.0 7140.0
1095.0 1335.0 7042.0
947.0 1370.0 7140.0
892.0 1525.0 7187.0
1000.0 1572.0 7155.0
1060.0 1437.0 7027.0
1147.0 1447.0 7012.0
1130.0 1417.0 7055.0
1172.0 1412.0 7022.0
980.0 1475.0 7145.0
1085.0 1452.0 7085.0
887.0 1432.0 7120.0
942.0 1417.0 7115.0
952.0 1317.0 7055.0
1010.0 1397.0 7120.0
1050.0 1510.0 7177.0
985.0 1432.0 7105.0
1095.0 1427.0 7105.0
990.0 1480.0 7182.0
967.0 1510.0 7170.0
1095.0 1412.0 7130.0
1080.0 1490.0 7065.0
975.0 1397.0 7080.0
1070.0 1412.0 7017.0
1115.0 1412.0 7075.0
1130.0 1412.0 7075.0
1040.0 1390.0 7115.0
985.0 1442.0 7160.0
1005.0 1355.0 6967.0
1015.0 1307.0 7050.0
1000.0 1510.0 7292.0
1035.0 1500.0 7222.0
1142.0 1432.0 7135.0
947.0 1465.0 7202.0
1005.0 1547.0 7202.0
922.0 1447.0 7170.0
705.0 1925.0 7007.0
725.0 1847.0 6910.0
670.0 1807.0 6895.0
740.0 1812.0 6937.0
705.0 1852.0 6997.0
715.0 1847.0 6992.0
730.0 1832.0 6922.0
660.0 1807.0 6937.0
715.0 1797.0 6942.0
680.0 1785.0 6917.0
765.0 1817.0 6880.0
735.0 1837.0 6905.0
832.0 1827.0 6865.0
817.0 1785.0 6855.0
740.0 1885.0 6917.0
897.0 1760.0 6910.0
750.0 1817.0 6885.0
700.0 1885.0 6957.0
745.0 1812.0 6962.0
877.0 1775.0 6880.0
760.0 1760.0 6835.0
705.0 1885.0 6927.0
775.0 1722.0 6782.0
795.0 1880.0 6810.0
800.0 1822.0 6850.0
665.0 1790.0 6875.0
755.0 1852.0 6905.0
730.0 1797.0 6890.0
735.0 1770.0 6825.0
650.0 1765.0 6927.0
770.0 1790.0 6860.0
650.0 1780.0 6860.0
745.0 1712.0 6910.0
715.0 1760.0 6967.0
660.0 1802.0 7042.0
660.0 1722.0 6927.0
680.0 1760.0 6992.0
715.0 1890.0 7080.0
842.0 1750.0 6992.0
775.0 1712.0 6952.0
735.0 1735.0 6952.0
785.0 1797.0 7065.0
760.0 1745.0 6982.0
690.0 1785.0 7002.0
670.0 1750.0 7022.0
827.0 1797.0 6977.0
805.0 1745.0 6992.0
725.0 1775.0 6997.0
690.0 1812.0 7012.0
710.0 1837.0 7042.0
375.0 2092.0 6942.0
360.0 2020.0 7155.0
602.0 1967.0 7042.0
632.0 1847.0 6932.0
395.0 1905.0 6957.0
577.0 1842.0 6972.0
480.0 1900.0 7002.0
612.0 1852.0 6957.0
612.0 1865.0 6917.0
680.0 1942.0 6972.0
487.0 1875.0 7037.0
607.0 1880.0 6957.0
507.0 1962.0 7037.0
650.0 1900.0 6947.0
497.0 1915.0 6972.0
547.0 1890.0 6962.0
587.0 1852.0 6932.0
582.0 1885.0 6937.0
557.0 1905.0 6972.0
617.0 1865.0 6997.0
552.0 1920.0 7012.0
602.0 1755.0 6880.0
567.0 1802.0 6917.0
502.0 1932.0 6922.0
567.0 1932.0 7050.0
632.0 1880.0 6987.0
577.0 1847.0 6895.0
572.0 1880.0 6992.0
632.0 1790.0 6922.0
420.0 1915.0 7135.0
617.0 1802.0 6932.0
665.0 1920.0 6992.0
597.0 1890.0 6942.0
567.0 1865.0 6932.0
650.0 1807.0 6875.0
597.0 1827.0 6905.0
532.0 1870.0 6937.0
577.0 1890.0 7007.0
637.0 1957.0 7002.0
622.0 1842.0 6870.0
597.0 1852.0 6932.0
622.0 1807.0 6865.0
665.0 1842.0 6850.0
522.0 1817.0 6910.0
602.0 1920.0 6967.0
660.0 1832.0 6890.0
670.0 1875.0 6880.0
617.0 1837.0 6957.0
587.0 1890.0 6917.0
617.0 1852.0 6942.0
135.0 2342.0 6692.0
145.0 2222.0 6727.0
40.0 2342.0 6840.0
10.0 2305.0 6782.0
100.0 2320.0 6900.0
45.0 2337.0 6855.0
30.0 2275.0 6815.0
15.0 2257.0 6825.0
35.0 2202.0 6845.0
130.0 2155.0 6800.0
110.0 2175.0 6855.0
155.0 2265.0 6860.0
222.0 2327.0 6875.0
120.0 2242.0 6875.0
110.0 2237.0 6885.0
167.0 2327.0 6855.0
187.0 2160.0 6712.0
167.0 2295.0 6840.0
247.0 2217.0 6795.0
172.0 2300.0 6900.0
360.0 2207.0 6835.0
70.0 2207.0 6835.0
115.0 2247.0 6752.0
172.0 2265.0 6860.0
202.0 2265.0 6850.0
5.0 2310.0 6922.0
172.0 2212.0 6805.0
100.0 2337.0 6977.0
282.0 2275.0 6875.0
115.0 2237.0 6810.0
217.0 2170.0 6782.0
115.0 2327.0 6927.0
237.0 2190.0 6815.0
105.0 2217.0 6815.0
115.0 2232.0 6835.0
182.0 2337.0 6850.0
167.0 2145.0 6777.0
325.0 2185.0 6815.0
247.0 2175.0 6825.0
202.0 2165.0 6850.0
115.0 2207.0 6782.0
80.0 2237.0 6820.0
135.0 2420.0 7070.0
167.0 2305.0 6890.0
145.0 2237.0 6932.0
162.0 2295.0 6865.0
60.0 2202.0 6910.0
70.0 2290.0 6987.0
222.0 2190.0 6805.0
317.0 2130.0 6865.0
-242.0 2482.0 6650.0
-172.0 2450.0 6687.0
-40.0 2377.0 6707.0
-55.0 2352.0 6662.0
-212.0 2320.0 6657.0
-172.0 2410.0 6752.0
-187.0 2450.0 6742.0
-222.0 2410.0 6712.0
-85.0 2405.0 6790.0
-110.0 2405.0 6737.0
-375.0 2420.0 6800.0
-182.0 2372.0 6767.0
-330.0 2535.0 6880.0
-192.0 2555.0 6805.0
-227.0 2342.0 6762.0
-252.0 2445.0 6905.0
-182.0 2387.0 6747.0
-360.0 2387.0 6942.0
-182.0 2337.0 6707.0
-182.0 2337.0 6722.0
-90.0 2347.0 6742.0
-212.0 2472.0 6845.0
-350.0 2352.0 6805.0
-302.0 2462.0 6835.0
-297.0 2395.0 6922.0
-222.0 2435.0 6932.0
-20.0 2377.0 6757.0
-40.0 2337.0 6742.0
-187.0 2382.0 6757.0
-167.0 2400.0 6757.0
-207.0 2550.0 6885.0
-40.0 2357.0 6702.0
-232.0 2445.0 6845.0
-162.0 2435.0 6782.0
-307.0 2472.0 6900.0
-202.0 2455.0 6895.0
-25.0 2377.0 6777.0
-15.0 2372.0 6742.0
-267.0 2415.0 6777.0
-312.0 2372.0 6830.0
-202.0 2332.0 6782.0
-187.0 2352.0 6777.0
-257.0 2477.0 6875.0
-145.0 2492.0 6870.0
-75.0 2362.0 6757.0
-105.0 2395.0 6727.0
-197.0 2367.0 6767.0
-262.0 2415.0 6800.0
-232.0 2435.0 6845.0
-227.0 2415.0 6825.0
-967.0 2757.0 6712.0
-832.0 2727.0 6605.0
-680.0 2695.0 6650.0
-710.0 2675.0 6605.0
-587.0 2497.0 6467.0
-685.0 2550.0 6517.0
-837.0 2622.0 6550.0
-897.0 2652.0 6535.0
-842.0 2647.0 6540.0
-902.0 2660.0 6640.0
-812.0 2690.0 6555.0
-760.0 2660.0 6507.0
-765.0 2660.0 6525.0
-817.0 2675.0 6585.0
-872.0 2597.0 6610.0
-887.0 2632.0 6600.0
-817.0 2617.0 6540.0
-800.0 2715.0 6590.0
-785.0 2690.0 6620.0
-832.0 2622.0 6565.0
-765.0 2550.0 6517.0
-827.0 2580.0 6535.0
-720.0 2580.0 6472.0
-760.0 2612.0 6525.0
-912.0 2575.0 6502.0
-892.0 2652.0 6657.0
-790.0 2710.0 6630.0
-685.0 2637.0 6525.0
-715.0 2602.0 6530.0
-912.0 2590.0 6585.0
-897.0 2590.0 6590.0
-827.0 2642.0 6555.0
-852.0 2705.0 6570.0
-790.0 2627.0 6540.0
-827.0 2642.0 6530.0
-827.0 2637.0 6590.0
-897.0 2685.0 6650.0
-892.0 2737.0 6707.0
-847.0 2695.0 6625.0
-577.0 2535.0 6502.0
-637.0 2617.0 6497.0
-852.0 2642.0 6570.0
-837.0 2632.0 6650.0
-760.0 2670.0 6590.0
-817.0 2622.0 6575.0
-957.0 2675.0 6672.0
-872.0 2737.0 6727.0
-710.0 2675.0 6625.0
-725.0 2652.0 6525.0
-867.0 2597.0 6507.0
-1587.0 2805.0 6512.0
-1517.0 2855.0 6530.0
-1567.0 2772.0 6545.0
-1572.0 2782.0 6550.0
-1355.0 2670.0 6320.0
-1612.0 2855.0 6512.0
-1522.0 2767.0 6545.0
-1612.0 2850.0 6535.0
-1552.0 2800.0 6570.0
-1385.0 2772.0 6517.0
-1582.0 2787.0 6545.0
-1517.0 2747.0 6535.0
-1502.0 2675.0 6525.0
-1562.0 2872.0 6535.0
-1497.0 2762.0 6442.0
-1262.0 2720.0 6432.0
-1355.0 2747.0 6472.0
-1607.0 2830.0 6497.0
-1582.0 2830.0 6580.0
-1517.0 2747.0 6487.0
-1625.0 2862.0 6590.0
-1472.0 2700.0 6477.0
-1497.0 2782.0 6575.0
-1467.0 2800.0 6605.0
-1607.0 2872.0 6635.0
-1542.0 2882.0 6590.0
-1380.0 2747.0 6570.0
-1405.0 2737.0 6482.0
-1542.0 2840.0 6525.0
-1522.0 2772.0 6432.0
-1462.0 2710.0 6432.0
-1517.0 2762.0 6487.0
-1420.0 2800.0 6497.0
-1400.0 2830.0 6525.0
-1625.0 2845.0 6507.0
-1542.0 2835.0 6525.0
-1472.0 2762.0 6525.0
-1455.0 2752.0 6580.0
-1522.0 2787.0 6487.0
-1532.0 2800.0 6517.0
-1557.0 2922.0 6565.0
-1415.0 2767.0 6502.0
-1532.0 2767.0 6507.0
-1582.0 2767.0 6462.0
-1597.0 2877.0 6580.0
-1582.0 2922.0 6610.0
-1487.0 2767.0 6512.0
-1487.0 2795.0 6452.0
-1435.0 2810.0 6482.0
-1435.0 2872.0 6507.0
-2252.0 2772.0 6365.0
-2227.0 2845.0 6380.0
-2320.0 2867.0 6437.0
-2290.0 2840.0 6417.0
-2390.0 2922.0 6615.0
-2405.0 2955.0 6580.0
-2400.0 2940.0 6585.0
-2380.0 2950.0 6590.0
-2222.0 2872.0 6545.0
-2325.0 2975.0 6640.0
-2275.0 2922.0 6590.0
-2152.0 2825.0 6407.0
-2117.0 2840.0 6437.0
-2105.0 2850.0 6407.0
-2147.0 2757.0 6305.0
-2232.0 2795.0 6350.0
-2315.0 2877.0 6550.0
-2310.0 2850.0 6477.0
-2207.0 2830.0 6417.0
-2227.0 2752.0 6380.0
-2320.0 2795.0 6502.0
-2242.0 2902.0 6482.0
-2095.0 2800.0 6492.0
-2105.0 2825.0 6417.0
-2172.0 2747.0 6330.0
-2177.0 2782.0 6417.0
-2315.0 2815.0 6487.0
-2330.0 2850.0 6457.0
-2242.0 2835.0 6432.0
-2350.0 2835.0 6472.0
-2330.0 2902.0 6380.0
-2227.0 2805.0 6397.0
-2355.0 2872.0 6477.0
-2242.0 2805.0 6417.0
-2252.0 2752.0 6462.0
-2285.0 2782.0 6487.0
-2207.0 2800.0 6417.0
-2325.0 2820.0 6417.0
-2237.0 2930.0 6580.0
-2157.0 2787.0 6525.0
-2257.0 2850.0 6417.0
-2187.0 2830.0 6457.0
-2197.0 2872.0 6525.0
-2132.0 2767.0 6350.0
-2197.0 2850.0 6407.0
-2167.0 2800.0 6412.0
-2182.0 2752.0 6432.0
-2182.0 2715.0 6412.0
-2310.0 2840.0 6370.0
-2217.0 2787.0 6412.0
-3122.0 2642.0 6345.0
-3015.0 2590.0 6335.0
-2945.0 2612.0 6252.0
-2907.0 2675.0 6300.0
-2847.0 2747.0 6265.0
-2832.0 2597.0 6232.0
-2782.0 2607.0 6265.0
-2940.0 2700.0 6452.0
-2995.0 2752.0 6325.0
-2935.0 2777.0 6345.0
-2902.0 2700.0 6360.0
-2827.0 2565.0 6265.0
-2935.0 2660.0 6335.0
-2960.0 2690.0 6365.0
-2720.0 2560.0 6172.0
-2925.0 2695.0 6305.0
-2907.0 2602.0 6280.0
-2940.0 2602.0 6345.0
-2925.0 2710.0 6365.0
-2755.0 2637.0 6290.0
-2710.0 2522.0 6172.0
-2807.0 2565.0 6252.0
-2882.0 2647.0 6310.0
-3005.0 2737.0 6360.0
-2907.0 2675.0 6315.0
-2912.0 2665.0 6330.0
-2970.0 2695.0 6365.0
-2802.0 2727.0 6375.0
-2797.0 2705.0 6305.0
-2892.0 2767.0 6197.0
-2912.0 2747.0 6310.0
-2935.0 2680.0 6270.0
-2877.0 2742.0 6385.0
-2887.0 2742.0 6467.0
-3015.0 2617.0 6325.0
-2925.0 2700.0 6310.0
-2867.0 2632.0 6290.0
-2907.0 2700.0 6315.0
-2902.0 2700.0 6355.0
-2762.0 2642.0 6345.0
-2892.0 2647.0 6242.0
-2917.0 2665.0 6325.0
-2897.0 2665.0 6270.0
-2847.0 2622.0 6252.0
-2892.0 2777.0 6422.0
-2807.0 2715.0 6330.0
-2802.0 2660.0 6315.0
-2817.0 2690.0 6290.0
-2852.0 2637.0 6270.0
-2852.0 2700.0 6290.0
-3787.0 2275.0 6315.0
-3640.0 2270.0 6217.0
-3762.0 2227.0 6167.0
-3817.0 2265.0 6242.0
-3950.0 2405.0 6270.0
-3837.0 2327.0 6280.0
-3900.0 2400.0 6355.0
-3930.0 2342.0 6345.0
-3747.0 2305.0 6207.0
-3665.0 2242.0 6202.0
-3807.0 2265.0 6237.0
-3837.0 2280.0 6285.0
-3857.0 2337.0 6270.0
-3720.0 2275.0 6265.0
-3772.0 2202.0 6152.0
-3822.0 2242.0 6232.0
-3737.0 2362.0 6310.0
-3892.0 2472.0 6427.0
-3757.0 2305.0 6257.0
-3832.0 2252.0 6217.0
-3772.0 2305.0 6232.0
-3742.0 2327.0 6192.0
-3757.0 2290.0 6237.0
-3757.0 2305.0 6197.0
-3930.0 2387.0 6412.0
-3807.0 2410.0 6335.0
-3900.0 2332.0 6270.0
-3797.0 2222.0 6265.0
-3772.0 2257.0 6237.0
-3660.0 2362.0 6310.0
-3725.0 2315.0 6305.0
-3792.0 2315.0 6275.0
-3772.0 2362.0 6270.0
-3635.0 2347.0 6300.0
-3670.0 2280.0 6202.0
-3847.0 2270.0 6300.0
-3817.0 2362.0 6310.0
-3832.0 2327.0 6257.0
-3960.0 2342.0 6360.0
-3700.0 2362.0 6247.0
-3720.0 2300.0 6207.0
-3812.0 2300.0 6242.0
-3812.0 2300.0 6252.0
-3777.0 2435.0 6345.0
-3670.0 2257.0 6182.0
-3762.0 2315.0 6300.0
-3660.0 2305.0 6275.0
-3832.0 2327.0 6300.0
-3862.0 2395.0 6397.0
-3877.0 2382.0 6300.0
-4467.0 1750.0 6275.0
-4370.0 1807.0 6275.0
-4512.0 1982.0 6360.0
-4555.0 1995.0 6417.0
-4285.0 1852.0 6290.0
-4265.0 1895.0 6177.0
-4447.0 1885.0 6305.0
-4507.0 1925.0 6320.0
-4522.0 1957.0 6345.0
-4452.0 1982.0 6295.0
-4360.0 1827.0 6192.0
-4402.0 1890.0 6275.0
-4340.0 1942.0 6252.0
-4452.0 2005.0 6335.0
-4340.0 1852.0 6182.0
-4482.0 1880.0 6232.0
-4407.0 1915.0 6182.0
-4335.0 1832.0 6182.0
-4412.0 1967.0 6310.0
-4325.0 2000.0 6222.0
-4197.0 1817.0 6217.0
-4427.0 1890.0 6222.0
-4397.0 1895.0 6232.0
-4350.0 1857.0 6217.0
-4447.0 1995.0 6315.0
-4300.0 1885.0 6242.0
-4310.0 1885.0 6172.0
-4397.0 1947.0 6157.0
-4542.0 1885.0 6247.0
-4482.0 1880.0 6257.0
-4492.0 2025.0 6280.0
-4452.0 2005.0 6207.0
-4397.0 1920.0 6232.0
-4350.0 1915.0 6197.0
-4392.0 1865.0 6182.0
-4502.0 1925.0 6335.0
-4335.0 1920.0 6270.0
-4207.0 1870.0 6152.0
-4392.0 1865.0 6257.0
-4320.0 1865.0 6187.0
-4542.0 1920.0 6300.0
-4407.0 1932.0 6340.0
-4402.0 1865.0 6232.0
-4442.0 1842.0 6222.0
-4290.0 1910.0 6202.0
-4462.0 1900.0 6345.0
-4427.0 2005.0 6340.0
-4365.0 1987.0 6280.0
-4325.0 1880.0 6162.0
-4442.0 1925.0 6192.0
-5265.0 975.0 6462.0
-5162.0 1095.0 6397.0
-5200.0 1177.0 6407.0
-5167.0 1110.0 6370.0
-5052.0 1080.0 6345.0
-5077.0 1095.0 6345.0
-5245.0 1177.0 6517.0
-5142.0 1187.0 6482.0
-5200.0 1090.0 6365.0
-5200.0 1085.0 6397.0
-5092.0 1052.0 6305.0
-5205.0 1205.0 6477.0
-5142.0 1152.0 6452.0
-5137.0 1192.0 6422.0
-4995.0 1100.0 6385.0
-5025.0 1070.0 6310.0
-5187.0 1057.0 6427.0
-5200.0 1075.0 6330.0
-5205.0 1182.0 6447.0
-5230.0 1177.0 6530.0
-5062.0 1012.0 6305.0
-5200.0 1095.0 6365.0
-5172.0 1110.0 6330.0
-5137.0 1047.0 6320.0
-5240.0 1132.0 6422.0
-5102.0 1132.0 6457.0
-5025.0 1125.0 6345.0
-5000.0 1110.0 6305.0
-5147.0 1142.0 6340.0
-5177.0 1142.0 6407.0
-5182.0 1220.0 6512.0
-5020.0 1085.0 6370.0
-5295.0 1147.0 6427.0
-5270.0 1147.0 6427.0
-5122.0 1080.0 6310.0
-5215.0 1100.0 6370.0
-5082.0 1110.0 6360.0
-5062.0 1070.0 6300.0
-5107.0 1080.0 6295.0
-5037.0 1105.0 6310.0
-4935.0 1085.0 6290.0
-5127.0 1047.0 6315.0
-5010.0 1080.0 6257.0
-4965.0 1070.0 6270.0
-5117.0 1132.0 6350.0
-5010.0 1057.0 6270.0
-5200.0 1052.0 6330.0
-5182.0 1037.0 6270.0
-5192.0 1162.0 6422.0
-5215.0 1125.0 6422.0
-5467.0 67.0 6545.0
-5512.0 202.0 6512.0
-5615.0 145.0 6550.0
-5630.0 180.0 6620.0
-5402.0 25.0 6447.0
-5640.0 170.0 6545.0
-5535.0 72.0 6570.0
-5530.0 140.0 6525.0
-5665.0 222.0 6620.0
-5640.0 232.0 6555.0
-5402.0 72.0 6457.0
-5530.0 87.0 6492.0
-5605.0 170.0 6570.0
-5477.0 202.0 6560.0
-5762.0 275.0 6732.0
-5595.0 227.0 6657.0
-5492.0 55.0 6492.0
-5747.0 102.0 6540.0
-5575.0 122.0 6550.0
-5625.0 140.0 6595.0
-5535.0 242.0 6595.0
-5502.0 155.0 6507.0
-5615.0 185.0 6545.0
-5555.0 232.0 6550.0
-5640.0 237.0 6595.0
-5680.0 252.0 6645.0
-5590.0 185.0 6550.0
-5507.0 127.0 6477.0
-5565.0 170.0 6507.0
-5560.0 227.0 6530.0
-5645.0 262.0 6585.0
-5535.0 300.0 6645.0
-5620.0 180.0 6535.0
-5625.0 155.0 6512.0
-5605.0 160.0 6530.0
-5610.0 295.0 6635.0
-5590.0 195.0 6555.0
-5772.0 232.0 6550.0
-5660.0 207.0 6585.0
-5692.0 280.0 6640.0
-5620.0 242.0 6625.0
-5447.0 190.0 6545.0
-5640.0 232.0 6530.0
-5660.0 275.0 6525.0
-5620.0 262.0 6507.0
-5697.0 280.0 6635.0
-5615.0 207.0 6580.0
-5525.0 185.0 6585.0
-5402.0 122.0 6472.0
-5422.0 165.0 6427.0
-5985.0 -990.0 6905.0
-5827.0 -860.0 6777.0
-5680.0 -872.0 6692.0
-5680.0 -867.0 6692.0
-5812.0 -860.0 6662.0
-5635.0 -887.0 6530.0
-5797.0 -860.0 6667.0
-5807.0 -825.0 6692.0
-5950.0 -835.0 6712.0
-5970.0 -810.0 6782.0
-5935.0 -752.0 6815.0
-5850.0 -805.0 6800.0
-5732.0 -935.0 6590.0
-5802.0 -887.0 6645.0
-5777.0 -840.0 6662.0
-5777.0 -815.0 6667.0
-5880.0 -695.0 6810.0
-5807.0 -787.0 6747.0
-5837.0 -825.0 6667.0
-6037.0 -800.0 6767.0
-5832.0 -830.0 6672.0
-5935.0 -815.0 6697.0
-5842.0 -695.0 6767.0
-5727.0 -772.0 6722.0
-5900.0 -840.0 6672.0
-5930.0 -840.0 6697.0
-5875.0 -850.0 6697.0
-5925.0 -767.0 6782.0
-5757.0 -835.0 6782.0
-5680.0 -892.0 6672.0
-5807.0 -782.0 6672.0
-5675.0 -877.0 6625.0
-5827.0 -830.0 6767.0
-5660.0 -922.0 6650.0
-5865.0 -855.0 6717.0
-5837.0 -815.0 6772.0
-5797.0 -877.0 6672.0
-5792.0 -845.0 6707.0
-5600.0 -940.0 6625.0
-5772.0 -955.0 6625.0
-5832.0 -902.0 6645.0
-5822.0 -825.0 6717.0
-5850.0 -792.0 6805.0
-5737.0 -805.0 6815.0
-5865.0 -882.0 6702.0
-5812.0 -872.0 6747.0
-5757.0 -887.0 6677.0
-5875.0 -855.0 6767.0
-5635.0 -810.0 6707.0
-5565.0 -902.0 6657.0
-5737.0 -2045.0 6900.0
-5707.0 -1832.0 6865.0
-5880.0 -1802.0 6850.0
-5975.0 -1870.0 6875.0
-5955.0 -1870.0 6860.0
-5945.0 -1832.0 6910.0
-5890.0 -1870.0 6845.0
-5865.0 -1790.0 6845.0
-6022.0 -1785.0 7022.0
-5970.0 -1827.0 6927.0
-5950.0 -1875.0 6880.0
-5950.0 -1910.0 6835.0
-5900.0 -1797.0 6810.0
-5850.0 -1875.0 6865.0
-5822.0 -1852.0 6865.0
-5822.0 -1870.0 6855.0
-5850.0 -1857.0 6835.0
-5915.0 -1857.0 6905.0
-5960.0 -1707.0 6992.0
-5850.0 -1817.0 6937.0
-5920.0 -1885.0 6815.0
-5837.0 -1995.0 6820.0
-5905.0 -1895.0 6860.0
-5890.0 -1890.0 6870.0
-6082.0 -1745.0 7027.0
-5920.0 -1730.0 6987.0
-5965.0 -1822.0 6962.0
-5955.0 -1745.0 6947.0
-6037.0 -1827.0 6942.0
-5855.0 -1745.0 6855.0
-5895.0 -1852.0 6845.0
-5960.0 -1880.0 6835.0
-5792.0 -1857.0 6800.0
-5945.0 -1842.0 6910.0
-5900.0 -1822.0 6957.0
-5807.0 -1790.0 6910.0
-5975.0 -1900.0 6900.0
-5970.0 -1797.0 6917.0
-5940.0 -1790.0 6890.0
-5732.0 -1925.0 6815.0
-5870.0 -1857.0 6850.0
-5910.0 -1837.0 6850.0
-5722.0 -1842.0 6850.0
-5850.0 -1915.0 6810.0
-5792.0 -1842.0 6795.0
-5742.0 -1842.0 6810.0
-5850.0 -1880.0 6880.0
-5910.0 -1822.0 6982.0
-5970.0 -1745.0 6982.0
-5827.0 -1790.0 6885.0
-5665.0 -3205.0 7155.0
-5777.0 -3052.0 7080.0
-5900.0 -2922.0 7247.0
-5782.0 -2862.0 7267.0
-5707.0 -3007.0 7145.0
-5880.0 -2992.0 7150.0
-5687.0 -2970.0 7177.0
-5712.0 -2992.0 7165.0
-5925.0 -2922.0 7292.0
-5850.0 -2897.0 7202.0
-5712.0 -3052.0 7115.0
-5640.0 -3065.0 7095.0
-5747.0 -3002.0 7177.0
-5787.0 -2965.0 7160.0
-5842.0 -2897.0 7212.0
-5900.0 -2892.0 7222.0
-5837.0 -2892.0 7277.0
-5797.0 -2912.0 7247.0
-5580.0 -3002.0 7170.0
-5575.0 -3047.0 7170.0
-5832.0 -2997.0 7187.0
-5822.0 -2997.0 7165.0
-5762.0 -3037.0 7115.0
-5832.0 -2965.0 7262.0
-5712.0 -2985.0 7125.0
-5570.0 -2985.0 7110.0
-5742.0 -3060.0 7145.0
-5712.0 -2965.0 7217.0
-5727.0 -2945.0 7145.0
-5707.0 -3032.0 7165.0
-5855.0 -2907.0 7257.0
-5842.0 -2877.0 7257.0
-5925.0 -3002.0 7212.0
-5827.0 -2970.0 7207.0
-5767.0 -3022.0 7187.0
-5955.0 -2922.0 7292.0
-5692.0 -3007.0 7177.0
-5707.0 -3002.0 7160.0
-5827.0 -2960.0 7177.0
-5742.0 -2960.0 7155.0
-5792.0 -2907.0 7222.0
-5787.0 -2902.0 7297.0
-5687.0 -3042.0 7140.0
-5752.0 -3002.0 7125.0
-5757.0 -2907.0 7135.0
-5635.0 -3022.0 7080.0
-5782.0 -2930.0 7252.0
-5670.0 -2950.0 7182.0
-5727.0 -2997.0 7095.0
-5692.0 -2997.0 7145.0
-5295.0 -4440.0 7277.0
-5200.0 -4357.0 7170.0
-5402.0 -4357.0 7182.0
-5392.0 -4310.0 7140.0
-5427.0 -4290.0 7262.0
-5387.0 -4395.0 7160.0
-5172.0 -4327.0 7155.0
-5345.0 -4352.0 7170.0
-5320.0 -4237.0 7187.0
-5200.0 -4265.0 7192.0
-5492.0 -4280.0 7325.0
-5417.0 -4197.0 7360.0
-5220.0 -4300.0 7227.0
-5270.0 -4305.0 7192.0
-5412.0 -4285.0 7232.0
-5392.0 -4285.0 7227.0
-5512.0 -4107.0 7315.0
-5270.0 -4290.0 7232.0
-5530.0 -4290.0 7257.0
-5535.0 -4232.0 7302.0
-5407.0 -4270.0 7222.0
-5502.0 -4252.0 7277.0
-5300.0 -4185.0 7292.0
-5275.0 -4280.0 7160.0
-5392.0 -4295.0 7237.0
-5372.0 -4322.0 7247.0
-5387.0 -4232.0 7345.0
-5285.0 -4327.0 7177.0
-5220.0 -4305.0 7262.0
-5315.0 -4295.0 7267.0
-5305.0 -4300.0 7267.0
-5432.0 -4342.0 7237.0
-5372.0 -4197.0 7212.0
-5382.0 -4275.0 7227.0
-5325.0 -4237.0 7287.0
-5300.0 -4185.0 7252.0
-5487.0 -4222.0 7325.0
-5397.0 -4260.0 7232.0
-5310.0 -4227.0 7310.0
-5240.0 -4342.0 7165.0
-5417.0 -4290.0 7242.0
-5512.0 -4197.0 7420.0
-5372.0 -4275.0 7262.0
-5265.0 -4270.0 7242.0
-5310.0 -4337.0 7272.0
-5305.0 -4290.0 7202.0
-5482.0 -4165.0 7277.0
-5467.0 -4310.0 7315.0
-5350.0 -4237.0 7390.0
-5310.0 -4305.0 7262.0
-4762.0 -5527.0 7610.0
-4910.0 -5292.0 7690.0
-4875.0 -5090.0 7462.0
-4910.0 -5142.0 7420.0
-5025.0 -5115.0 7517.0
-5037.0 -5070.0 7487.0
-4965.0 -5115.0 7477.0
-4910.0 -5115.0 7395.0
-4895.0 -5017.0 7502.0
-4852.0 -5090.0 7442.0
-5052.0 -5022.0 7532.0
-5072.0 -4960.0 7492.0
-4880.0 -5042.0 7452.0
-4752.0 -5152.0 7345.0
-4985.0 -5122.0 7457.0
-4965.0 -5037.0 7405.0
-4980.0 -5100.0 7435.0
-4857.0 -5090.0 7385.0
-4945.0 -4992.0 7527.0
-4842.0 -5047.0 7457.0
-4970.0 -5027.0 7390.0
-5107.0 -4980.0 7502.0
-4995.0 -5100.0 7395.0
-5015.0 -5122.0 7360.0
-5082.0 -4987.0 7575.0
-5005.0 -4997.0 7477.0
-4970.0 -5110.0 7385.0
-5010.0 -5167.0 7325.0
-4920.0 -5137.0 7315.0
-4965.0 -5090.0 7420.0
-4955.0 -5065.0 7415.0
-4960.0 -5105.0 7415.0
-5005.0 -5055.0 7532.0
-4857.0 -5060.0 7390.0
-4875.0 -5205.0 7297.0
-4920.0 -5115.0 7390.0
-5015.0 -5060.0 7472.0
-5025.0 -5055.0 7482.0
-4737.0 -5220.0 7272.0
-5005.0 -5100.0 7410.0
-4895.0 -5182.0 7335.0
-4890.0 -5142.0 7330.0
-4935.0 -5065.0 7435.0
-4857.0 -5195.0 7335.0
-4995.0 -5095.0 7447.0
-4890.0 -5195.0 7430.0
-5052.0 -5032.0 7502.0
-5072.0 -5017.0 7537.0
-4807.0 -5210.0 7345.0
-4925.0 -5115.0 7365.0
-3710.0 -6410.0 7850.0
-3802.0 -6337.0 7797.0
-3915.0 -6255.0 7822.0
-3842.0 -6317.0 7772.0
-3777.0 -6362.0 7737.0
-3742.0 -6445.0 7732.0
-3882.0 -6362.0 7777.0
-3817.0 -6367.0 7812.0
-3772.0 -6395.0 7680.0
-3857.0 -6362.0 7835.0
-3757.0 -6362.0 7890.0
-3802.0 -6362.0 7792.0
-3857.0 -6347.0 7865.0
-3762.0 -6305.0 7817.0
-3892.0 -6317.0 7830.0
-3827.0 -6300.0 7777.0
-3857.0 -6347.0 7762.0
-3777.0 -6300.0 7762.0
-3847.0 -6270.0 7777.0
-4000.0 -6337.0 7737.0
-3900.0 -6305.0 7782.0
-3807.0 -6270.0 7762.0
-3827.0 -6322.0 7747.0
-3837.0 -6352.0 7742.0
-3882.0 -6310.0 7767.0
-3877.0 -6232.0 7895.0
-3822.0 -6275.0 7875.0
-3822.0 -6357.0 7732.0
-3837.0 -6352.0 7670.0
-3752.0 -6317.0 7670.0
-3852.0 -6357.0 7747.0
-3910.0 -6275.0 7900.0
-3812.0 -6305.0 7777.0
-3892.0 -6322.0 7752.0
-3862.0 -6305.0 7830.0
-3910.0 -6327.0 7812.0
-3862.0 -6295.0 7880.0
-3777.0 -6372.0 7695.0
-3757.0 -6310.0 7757.0
-3730.0 -6322.0 7830.0
-3797.0 -6317.0 7777.0
-3832.0 -6337.0 7787.0
-3837.0 -6247.0 7830.0
-3867.0 -6227.0 7875.0
-3862.0 -6332.0 7752.0
-3892.0 -6300.0 7757.0
-3777.0 -6385.0 7792.0
-3817.0 -6357.0 7777.0
-3910.0 -6255.0 7830.0
-3837.0 -6295.0 7782.0
-2592.0 -6815.0 7962.0
-2827.0 -6790.0 8022.0
-2877.0 -6717.0 7885.0
-2897.0 -6805.0 7895.0
-2730.0 -6800.0 7915.0
-2740.0 -6805.0 7945.0
-2925.0 -6732.0 7967.0
-2877.0 -6825.0 7900.0
-2715.0 -6737.0 7905.0
-2690.0 -6820.0 7895.0
-2877.0 -6785.0 7905.0
-2955.0 -6757.0 8027.0
-2857.0 -6825.0 7987.0
-2862.0 -6820.0 7945.0
-2955.0 -6670.0 8067.0
-2847.0 -6710.0 7950.0
-2925.0 -6762.0 7940.0
-2882.0 -6747.0 7997.0
-2862.0 -6690.0 8032.0
-2695.0 -6820.0 7885.0
-2897.0 -6705.0 7967.0
-2772.0 -6747.0 7925.0
-2887.0 -6700.0 8052.0
-2762.0 -6705.0 7992.0
-2650.0 -6820.0 7920.0
-2740.0 -6785.0 7935.0
-2852.0 -6772.0 7945.0
-2867.0 -6727.0 7950.0
-2892.0 -6732.0 7935.0
-2882.0 -6700.0 8052.0
-2705.0 -6872.0 7915.0
-2782.0 -6857.0 7875.0
-2782.0 -6902.0 7915.0
-2887.0 -6830.0 7977.0
-2772.0 -6762.0 7997.0
-2740.0 -6795.0 7920.0
-2842.0 -6820.0 7935.0
-2887.0 -6795.0 7955.0
-2862.0 -6767.0 7925.0
-2907.0 -6752.0 8052.0
-2837.0 -6747.0 7962.0
-2782.0 -6840.0 7822.0
-2745.0 -6830.0 7905.0
-2802.0 -6795.0 7935.0
-2822.0 -6767.0 7945.0
-2837.0 -6820.0 7900.0
-2797.0 -6695.0 8002.0
-2857.0 -6655.0 8007.0
-2857.0 -6795.0 7940.0
-2930.0 -6777.0 7930.0
-1207.0 -6155.0 8185.0
-1227.0 -6197.0 8180.0
-1192.0 -6170.0 8017.0
-1157.0 -6310.0 8032.0
-1142.0 -6347.0 8032.0
-1192.0 -6280.0 8120.0
-1262.0 -6290.0 8027.0
-1202.0 -6192.0 8135.0
-1227.0 -6255.0 8042.0
-1110.0 -6295.0 7982.0
-1202.0 -6310.0 7977.0
-1157.0 -6260.0 7967.0
-1237.0 -6290.0 8032.0
-1115.0 -6260.0 8032.0
-1125.0 -6310.0 7955.0
-1335.0 -6317.0 7992.0
-1142.0 -6310.0 7935.0
-1162.0 -6317.0 7962.0
-1207.0 -6347.0 8022.0
-1262.0 -6222.0 8082.0
-1292.0 -6347.0 8037.0
-1172.0 -6305.0 8027.0
-1137.0 -6372.0 7992.0
-1237.0 -6207.0 8110.0
-1177.0 -6337.0 8130.0
-1167.0 -6217.0 8095.0
-1172.0 -6347.0 7920.0
-1172.0 -6217.0 8072.0
-1167.0 -6222.0 8052.0
-1125.0 -6232.0 8095.0
-1172.0 -6317.0 8022.0
-1182.0 -6270.0 8042.0
-1182.0 -6377.0 7977.0
-1130.0 -6305.0 7950.0
-1182.0 -6192.0 8022.0
-1217.0 -6337.0 8022.0
-1137.0 -6300.0 7997.0
-1137.0 -6322.0 8105.0
-1287.0 -6332.0 8125.0
-1217.0 -6317.0 8062.0
-1325.0 -6310.0 8115.0
-1197.0 -6332.0 7967.0
-1315.0 -6385.0 7977.0
-1315.0 -6420.0 8022.0
-1217.0 -6497.0 7950.0
-1355.0 -6367.0 8047.0
-1182.0 -6400.0 7950.0
-1262.0 -6395.0 7962.0
-1212.0 -6487.0 7982.0
-1262.0 -6430.0 8012.0
-135.0 -5915.0 8022.0
-340.0 -5885.0 8155.0
-212.0 -5932.0 8077.0
-70.0 -5900.0 8017.0
-140.0 -6072.0 7865.0
-182.0 -6010.0 7950.0
-162.0 -6005.0 7940.0
-167.0 -5967.0 7997.0
-345.0 -5952.0 8027.0
-232.0 -5875.0 8095.0
-100.0 -6030.0 7915.0
-90.0 -6072.0 7955.0
-207.0 -6000.0 7890.0
-167.0 -6030.0 7875.0
-340.0 -5977.0 7962.0
-385.0 -6005.0 7950.0
-207.0 -5880.0 8022.0
-277.0 -5885.0 8072.0
-110.0 -6082.0 7950.0
-167.0 -6020.0 7905.0
-95.0 -6082.0 7935.0
-282.0 -6000.0 7940.0
-325.0 -5985.0 7940.0
-267.0 -5995.0 7962.0
-172.0 -5962.0 7945.0
-197.0 -6045.0 7955.0
-365.0 -5922.0 8032.0
-252.0 -5942.0 7955.0
-247.0 -5977.0 7930.0
-297.0 -6025.0 7935.0
-167.0 -6025.0 7935.0
-297.0 -5875.0 8017.0
-365.0 -5967.0 8007.0
-330.0 -5932.0 7945.0
-247.0 -5947.0 7950.0
-95.0 -6057.0 7930.0
-370.0 -6010.0 7987.0
-212.0 -5962.0 7997.0
-345.0 -5942.0 8067.0
-80.0 -6015.0 7935.0
-262.0 -5952.0 8002.0
-335.0 -5932.0 8032.0
-445.0 -5905.0 8185.0
-172.0 -6020.0 7940.0
-115.0 -5995.0 7845.0
-90.0 -5990.0 7962.0
-287.0 -5880.0 8105.0
-145.0 -5837.0 8032.0
-75.0 -5985.0 7950.0
-257.0 -6045.0 7940.0
1055.0 -6187.0 8057.0
785.0 -6150.0 8160.0
745.0 -6057.0 8007.0
967.0 -6150.0 7885.0
795.0 -6155.0 7987.0
832.0 -6155.0 7982.0
962.0 -6222.0 7875.0
735.0 -6120.0 8042.0
637.0 -6102.0 8135.0
700.0 -6082.0 8082.0
740.0 -6092.0 8007.0
735.0 -6057.0 8130.0
812.0 -6145.0 8027.0
655.0 -6102.0 8130.0
800.0 -6207.0 7945.0
877.0 -6232.0 7900.0
882.0 -6112.0 7987.0
780.0 -6102.0 7977.0
765.0 -6145.0 7972.0
745.0 -6107.0 7977.0
735.0 -6077.0 8087.0
822.0 -6092.0 8077.0
975.0 -6165.0 7935.0
725.0 -6145.0 8047.0
760.0 -6140.0 8037.0
705.0 -6165.0 8027.0
1000.0 -6222.0 7920.0
720.0 -6120.0 8027.0
655.0 -6140.0 8082.0
750.0 -6087.0 7987.0
755.0 -6102.0 8042.0
862.0 -6120.0 8032.0
857.0 -6135.0 8012.0
567.0 -6062.0 8120.0
705.0 -6092.0 8067.0
690.0 -6082.0 8062.0
995.0 -6255.0 7860.0
715.0 -6120.0 8012.0
780.0 -6202.0 7915.0
650.0 -6072.0 8120.0
675.0 -6062.0 8072.0
750.0 -6077.0 8077.0
857.0 -6180.0 7997.0
650.0 -6045.0 8160.0
882.0 -6082.0 8042.0
872.0 -6160.0 8012.0
745.0 -6082.0 8037.0
725.0 -6052.0 8135.0
847.0 -6217.0 7950.0
650.0 -6140.0 8077.0
1907.0 -5822.0 8027.0
2030.0 -5802.0 7967.0
1965.0 -5855.0 7950.0
1950.0 -5807.0 8007.0
1960.0 -5780.0 7967.0
1937.0 -5802.0 8007.0
1862.0 -5787.0 8042.0
1780.0 -5775.0 8057.0
2075.0 -5760.0 8017.0
1887.0 -5692.0 8072.0
1975.0 -5702.0 8002.0
2070.0 -5967.0 7945.0
2142.0 -5972.0 7855.0
2005.0 -6000.0 7940.0
1995.0 -5932.0 7982.0
1937.0 -5895.0 7972.0
1797.0 -5842.0 8002.0
1770.0 -5847.0 8047.0
1797.0 -5875.0 7982.0
1807.0 -5860.0 8042.0
1955.0 -6030.0 7895.0
1995.0 -6000.0 7930.0
1792.0 -5957.0 7967.0
1745.0 -5962.0 7950.0
1695.0 -6030.0 7955.0
1720.0 -5995.0 7845.0
1725.0 -5972.0 8052.0
1720.0 -5932.0 8105.0
1975.0 -6035.0 7840.0
1725.0 -5977.0 7930.0
1775.0 -5967.0 7955.0
1797.0 -5972.0 7977.0
1995.0 -6087.0 7875.0
1720.0 -5967.0 7977.0
1735.0 -5942.0 7905.0
1612.0 -5905.0 8062.0
1862.0 -6015.0 7925.0
1720.0 -5952.0 7977.0
1792.0 -5922.0 7930.0
1780.0 -5985.0 7950.0
1932.0 -6000.0 7935.0
1950.0 -5962.0 7962.0
1760.0 -5855.0 8002.0
1775.0 -5985.0 7977.0
2025.0 -5995.0 7880.0
1882.0 -6035.0 7885.0
1617.0 -5895.0 8062.0
1720.0 -5875.0 8042.0
1725.0 -5967.0 7950.0
1792.0 -6015.0 7890.0
2852.0 -5162.0 7900.0
2792.0 -5142.0 7962.0
2817.0 -5147.0 7890.0
2645.0 -5070.0 8042.0
2907.0 -5257.0 7840.0
2807.0 -5220.0 7935.0
2782.0 -5110.0 7997.0
2862.0 -5090.0 7945.0
2720.0 -5152.0 7875.0
2832.0 -5200.0 7905.0
3070.0 -5320.0 7865.0
2852.0 -5272.0 7880.0
2857.0 -5220.0 7835.0
2807.0 -5235.0 7900.0
2730.0 -5205.0 7880.0
2755.0 -5215.0 7845.0
2777.0 -5292.0 7895.0
2750.0 -5190.0 8022.0
2965.0 -5240.0 7845.0
2940.0 -5142.0 7900.0
2700.0 -5162.0 7910.0
2847.0 -5210.0 7880.0
2685.0 -5215.0 7855.0
2610.0 -5205.0 7940.0
2892.0 -5215.0 7890.0
2902.0 -5272.0 7860.0
2740.0 -5215.0 7845.0
2750.0 -5195.0 7835.0
2762.0 -5142.0 7945.0
2755.0 -5147.0 7885.0
3015.0 -5230.0 7812.0
2812.0 -5257.0 7835.0
2852.0 -5215.0 7830.0
2925.0 -5215.0 7830.0
2755.0 -5200.0 7885.0
2700.0 -5132.0 8007.0
2882.0 -5167.0 7840.0
2847.0 -5220.0 7812.0
2787.0 -5220.0 7855.0
2725.0 -5167.0 7845.0
2762.0 -5245.0 7860.0
2745.0 -5205.0 7895.0
2777.0 -5095.0 7972.0
2852.0 -5157.0 7865.0
2955.0 -5272.0 7845.0
2935.0 -5262.0 7782.0
2705.0 -5240.0 7850.0
2705.0 -5225.0 7895.0
2772.0 -5240.0 7845.0
2812.0 -5200.0 7845.0
3447.0 -4327.0 7722.0
3250.0 -4405.0 7807.0
3227.0 -4617.0 7732.0
3237.0 -4617.0 7707.0
3187.0 -4617.0 7807.0
3375.0 -4617.0 7732.0
3340.0 -4575.0 7787.0
3350.0 -4575.0 7802.0
3412.0 -4535.0 7777.0
3395.0 -4550.0 7792.0
3422.0 -4545.0 7787.0
3390.0 -4517.0 7797.0
3360.0 -4647.0 7685.0
3437.0 -4732.0 7690.0
3237.0 -4637.0 7807.0
3260.0 -4622.0 7732.0
3065.0 -4507.0 7865.0
3192.0 -4420.0 7920.0
3360.0 -4560.0 7757.0
3325.0 -4597.0 7690.0
3157.0 -4695.0 7685.0
3242.0 -4655.0 7722.0
3202.0 -4580.0 7822.0
3132.0 -4550.0 7767.0
3457.0 -4700.0 7635.0
3232.0 -4622.0 7752.0
3370.0 -4700.0 7670.0
3300.0 -4685.0 7685.0
3290.0 -4570.0 7702.0
3447.0 -4705.0 7630.0
3192.0 -4617.0 7762.0
3290.0 -4642.0 7747.0
3320.0 -4585.0 7807.0
3335.0 -4550.0 7787.0
3102.0 -4472.0 7782.0
3217.0 -4607.0 7807.0
3452.0 -4715.0 7670.0
3360.0 -4665.0 7605.0
3217.0 -4585.0 7807.0
3172.0 -4570.0 7915.0
3187.0 -4585.0 7782.0
3285.0 -4670.0 7737.0
3390.0 -4617.0 7737.0
3405.0 -4665.0 7787.0
3255.0 -4597.0 7792.0
3197.0 -4597.0 7875.0
3275.0 -4642.0 7802.0
3390.0 -4675.0 7717.0
3447.0 -4690.0 7712.0
3360.0 -4675.0 7640.0
3747.0 -3187.0 7487.0
3715.0 -3245.0 7477.0
3782.0 -3262.0 7457.0
3670.0 -3167.0 7537.0
3807.0 -3292.0 7410.0
3837.0 -3245.0 7415.0
3752.0 -3230.0 7462.0
3665.0 -3262.0 7472.0
3675.0 -3147.0 7610.0
3772.0 -3167.0 7487.0
3762.0 -3230.0 7457.0
3797.0 -3240.0 7457.0
3935.0 -3370.0 7340.0
3985.0 -3345.0 7380.0
3812.0 -3267.0 7497.0
3777.0 -3182.0 7585.0
3700.0 -3225.0 7542.0
3620.0 -3157.0 7570.0
3575.0 -3205.0 7557.0
3630.0 -3240.0 7517.0
3650.0 -3187.0 7562.0
3782.0 -3360.0 7430.0
3892.0 -3375.0 7425.0
3837.0 -3422.0 7425.0
3650.0 -3350.0 7447.0
3605.0 -3325.0 7442.0
3635.0 -3370.0 7467.0
3595.0 -3325.0 7447.0
3605.0 -3317.0 7532.0
3655.0 -3317.0 7467.0
3650.0 -3317.0 7462.0
3685.0 -3225.0 7575.0
3620.0 -3210.0 7635.0
3742.0 -3360.0 7452.0
3635.0 -3340.0 7472.0
3705.0 -3307.0 7400.0
3787.0 -3340.0 7425.0
3747.0 -3277.0 7457.0
3945.0 -3432.0 7365.0
3655.0 -3302.0 7517.0
3752.0 -3350.0 7527.0
3640.0 -3250.0 7600.0
3620.0 -3220.0 7542.0
3532.0 -3330.0 7462.0
3620.0 -3277.0 7497.0
3690.0 -3360.0 7467.0
3537.0 -3262.0 7575.0
3747.0 -3302.0 7492.0
3777.0 -3350.0 7467.0
3605.0 -3385.0 7502.0
3777.0 -2185.0 7320.0
3635.0 -2327.0 7415.0
3802.0 -2405.0 7302.0
3827.0 -2395.0 7320.0
3852.0 -2372.0 7350.0
3695.0 -2237.0 7462.0
3847.0 -2377.0 7242.0
3620.0 -2337.0 7375.0
3705.0 -2252.0 7430.0
3542.0 -2160.0 7532.0
3827.0 -2347.0 7267.0
3777.0 -2295.0 7457.0
3700.0 -2280.0 7435.0
3680.0 -2295.0 7452.0
3857.0 -2435.0 7232.0
3720.0 -2305.0 7365.0
3547.0 -2300.0 7482.0
3802.0 -2295.0 7487.0
3720.0 -2315.0 7405.0
3792.0 -2315.0 7345.0
3605.0 -2265.0 7497.0
3640.0 -2300.0 7462.0
3852.0 -2362.0 7320.0
3862.0 -2257.0 7380.0
3857.0 -2347.0 7310.0
3777.0 -2372.0 7310.0
3862.0 -2415.0 7320.0
3792.0 -2377.0 7375.0
3680.0 -2310.0 7425.0
3715.0 -2327.0 7395.0
3787.0 -2362.0 7330.0
3742.0 -2332.0 7380.0
3867.0 -2327.0 7325.0
3847.0 -2337.0 7350.0
3645.0 -2232.0 7442.0
3777.0 -2332.0 7340.0
3605.0 -2212.0 7542.0
3715.0 -2232.0 7492.0
3887.0 -2342.0 7287.0
3757.0 -2280.0 7315.0
3660.0 -2315.0 7405.0
3832.0 -2332.0 7350.0
3655.0 -2270.0 7452.0
3605.0 -2265.0 7435.0
3905.0 -2430.0 7247.0
3752.0 -2367.0 7267.0
3817.0 -2327.0 7292.0
3877.0 -2332.0 7262.0
3792.0 -2377.0 7262.0
3737.0 -2332.0 7330.0
3777.0 -1885.0 7237.0
3792.0 -1852.0 7272.0
3777.0 -1915.0 7262.0
3690.0 -1952.0 7247.0
3690.0 -1952.0 7242.0
3757.0 -1880.0 7227.0
3700.0 -1987.0 7247.0
3680.0 -1870.0 7310.0
3620.0 -1712.0 7447.0
3670.0 -1760.0 7385.0
3852.0 -1865.0 7267.0
3935.0 -1900.0 7237.0
3752.0 -1852.0 7277.0
3700.0 -1775.0 7325.0
3720.0 -1865.0 7355.0
3630.0 -1740.0 7385.0
3862.0 -1895.0 7330.0
3580.0 -1807.0 7282.0
3710.0 -1770.0 7315.0
3752.0 -1722.0 7462.0
3660.0 -1822.0 7325.0
3650.0 -1790.0 7325.0
3700.0 -1730.0 7370.0
3900.0 -1870.0 7242.0
3670.0 -1802.0 7350.0
3655.0 -1790.0 7350.0
3737.0 -1775.0 7282.0
3700.0 -1790.0 7292.0
3600.0 -1770.0 7442.0
3742.0 -1765.0 7330.0
3715.0 -1827.0 7277.0
3685.0 -1852.0 7197.0
3802.0 -1807.0 7170.0
3675.0 -1740.0 7355.0
3590.0 -1890.0 7297.0
3620.0 -1760.0 7395.0
3600.0 -1730.0 7400.0
3742.0 -1702.0 7310.0
3975.0 -1880.0 7187.0
3720.0 -1875.0 7267.0
3720.0 -1812.0 7257.0
3742.0 -1807.0 7257.0
3567.0 -1755.0 7360.0
3700.0 -1745.0 7350.0
3715.0 -1785.0 7370.0
3827.0 -1812.0 7360.0
3867.0 -1842.0 7202.0
3690.0 -1842.0 7237.0
3660.0 -1827.0 7365.0
3650.0 -1807.0 7335.0
1902.0 -377.0 7610.0
1837.0 -482.0 7590.0
1787.0 -472.0 7645.0
1852.0 -450.0 7502.0
1812.0 -415.0 7557.0
1807.0 -362.0 7600.0
1862.0 -435.0 7600.0
1680.0 -405.0 7752.0
1730.0 -460.0 7570.0
1750.0 -472.0 7542.0
1985.0 -595.0 7420.0
1955.0 -602.0 7400.0
1817.0 -497.0 7487.0
1812.0 -387.0 7575.0
1942.0 -550.0 7405.0
1837.0 -527.0 7532.0
1770.0 -487.0 7575.0
1715.0 -467.0 7532.0
1980.0 -627.0 7315.0
1780.0 -517.0 7502.0
1882.0 -550.0 7502.0
1675.0 -455.0 7610.0
1665.0 -455.0 7512.0
1735.0 -460.0 7522.0
1765.0 -352.0 7660.0
1857.0 -387.0 7580.0
1837.0 -535.0 7482.0
1832.0 -545.0 7482.0
1980.0 -522.0 7452.0
1812.0 -522.0 7527.0
1917.0 -460.0 7482.0
2045.0 -560.0 7390.0
1797.0 -522.0 7442.0
1775.0 -430.0 7590.0
1827.0 -405.0 7452.0
1852.0 -497.0 7442.0
1980.0 -560.0 7482.0
1932.0 -522.0 7457.0
1912.0 -487.0 7547.0
1775.0 -425.0 7600.0
1877.0 -580.0 7380.0
1725.0 -517.0 7507.0
1725.0 -400.0 7660.0
1852.0 -445.0 7570.0
1765.0 -522.0 7497.0
1857.0 -560.0 7452.0
1950.0 -477.0 7477.0
1932.0 -487.0 7472.0
1740.0 -405.0 7537.0
1780.0 -472.0 7537.0
1812.0 -10.0 7405.0
1832.0 -122.0 7507.0
1902.0 -280.0 7477.0
1817.0 -145.0 7497.0
1852.0 -155.0 7547.0
1837.0 -247.0 7487.0
1715.0 -160.0 7645.0
1867.0 -165.0 7502.0
1922.0 -185.0 7595.0
1857.0 -247.0 7477.0
1797.0 -237.0 7482.0
1760.0 -242.0 7420.0
1780.0 -237.0 7457.0
1780.0 -160.0 7472.0
1770.0 -232.0 7502.0
1792.0 -87.0 7600.0
1917.0 -227.0 7562.0
1725.0 -155.0 7517.0
1720.0 -170.0 7532.0
1612.0 -160.0 7620.0
1867.0 -155.0 7532.0
1797.0 -212.0 7467.0
1562.0 -170.0 7552.0
1780.0 -257.0 7512.0
1807.0 -232.0 7467.0
1735.0 -112.0 7570.0
1877.0 -212.0 7552.0
1812.0 -145.0 7497.0
1730.0 -160.0 7492.0
1630.0 -170.0 7585.0
1755.0 -112.0 7557.0
1887.0 -227.0 7522.0
1877.0 -262.0 7452.0
1807.0 -257.0 7447.0
1857.0 -185.0 7442.0
1787.0 -175.0 7452.0
1780.0 -185.0 7502.0
1695.0 -117.0 7590.0
1552.0 -102.0 7630.0
1740.0 -140.0 7507.0
1950.0 -222.0 7462.0
1950.0 -195.0 7492.0
1922.0 -237.0 7435.0
1932.0 -242.0 7340.0
1902.0 -242.0 7335.0
1812.0 -252.0 7385.0
1802.0 -315.0 7310.0
1775.0 -222.0 7462.0
1912.0 -257.0 7335.0
1755.0 -270.0 7430.0
