2247.0 280.0 -1292.0
2625.0 10.0 -1135.0
2610.0 82.0 -1267.0
2355.0 325.0 -1187.0
2547.0 270.0 -1257.0
2497.0 332.0 -1277.0
2522.0 305.0 -1355.0
2262.0 295.0 -1155.0
2275.0 275.0 -1242.0
2370.0 405.0 -1150.0
2252.0 325.0 -1155.0
2462.0 377.0 -1170.0
2365.0 332.0 -1202.0
2517.0 300.0 -1325.0
2355.0 347.0 -1192.0
2340.0 347.0 -1212.0
2405.0 405.0 -1217.0
2420.0 377.0 -1197.0
2522.0 325.0 -1242.0
2405.0 387.0 -1187.0
2430.0 362.0 -1212.0
2295.0 347.0 -1130.0
2355.0 305.0 -1252.0
2410.0 295.0 -1237.0
2492.0 332.0 -1272.0
2527.0 300.0 -1330.0
2242.0 332.0 -1105.0
2375.0 252.0 -1202.0
2477.0 332.0 -1297.0
2365.0 325.0 -1202.0
2310.0 280.0 -1217.0
2325.0 387.0 -1120.0
2275.0 400.0 -1242.0
2467.0 342.0 -1252.0
2375.0 285.0 -1297.0
2512.0 232.0 -1330.0
2275.0 270.0 -1160.0
2295.0 222.0 -1252.0
2360.0 377.0 -1155.0
2275.0 332.0 -1130.0
2340.0 400.0 -1100.0
2385.0 320.0 -1222.0
2330.0 377.0 -1217.0
2547.0 270.0 -1310.0
2385.0 325.0 -1207.0
2207.0 295.0 -1177.0
2207.0 352.0 -1080.0
2360.0 325.0 -1222.0
2252.0 392.0 -1160.0
2547.0 325.0 -1287.0
2330.0 482.0 -1262.0
2050.0 627.0 -1202.0
2252.0 405.0 -1150.0
2462.0 440.0 -1222.0
2252.0 467.0 -1115.0
2172.0 440.0 -1202.0
2305.0 460.0 -1140.0
2345.0 460.0 -1110.0
1965.0 377.0 -977.0
1927.0 565.0 -1177.0
2050.0 540.0 -1227.0
2167.0 575.0 -1192.0
1990.0 420.0 -1165.0
2045.0 477.0 -1297.0
2020.0 732.0 -1315.0
2162.0 742.0 -1247.0
2105.0 757.0 -1375.0
2095.0 720.0 -1340.0
1950.0 705.0 -1237.0
1995.0 665.0 -1197.0
1955.0 710.0 -1192.0
2105.0 737.0 -1207.0
2010.0 705.0 -1187.0
2157.0 675.0 -1247.0
2030.0 627.0 -1212.0
2035.0 617.0 -1287.0
2035.0 705.0 -1177.0
2010.0 695.0 -1222.0
2112.0 647.0 -1277.0
2157.0 665.0 -1252.0
2122.0 652.0 -1227.0
2122.0 725.0 -1212.0
2010.0 705.0 -1267.0
2152.0 642.0 -1282.0
2065.0 657.0 -1192.0
2152.0 752.0 -1155.0
2050.0 535.0 -1292.0
2197.0 550.0 -1415.0
2060.0 540.0 -1257.0
2015.0 545.0 -1355.0
1937.0 652.0 -1130.0
2030.0 595.0 -1212.0
2100.0 602.0 -1217.0
1955.0 545.0 -1187.0
1927.0 622.0 -1110.0
2065.0 570.0 -1305.0
2095.0 622.0 -1297.0
2045.0 607.0 -1247.0
2157.0 637.0 -1305.0
2055.0 555.0 -1305.0
1635.0 747.0 -1350.0
1705.0 980.0 -1267.0
1950.0 850.0 -1365.0
1817.0 815.0 -1237.0
1922.0 922.0 -1150.0
1822.0 997.0 -1192.0
1787.0 990.0 -1187.0
1927.0 872.0 -1257.0
2105.0 917.0 -1320.0
1872.0 845.0 -1222.0
1892.0 825.0 -1292.0
1847.0 877.0 -1182.0
1842.0 825.0 -1212.0
1817.0 975.0 -1202.0
1862.0 882.0 -1192.0
2065.0 815.0 -1365.0
1897.0 800.0 -1192.0
1837.0 882.0 -1207.0
1897.0 935.0 -1100.0
1927.0 840.0 -1182.0
2000.0 815.0 -1305.0
1970.0 877.0 -1287.0
2137.0 855.0 -1310.0
2000.0 825.0 -1282.0
2100.0 820.0 -1350.0
1985.0 867.0 -1232.0
1985.0 950.0 -1192.0
1897.0 860.0 -1262.0
1950.0 940.0 -1232.0
1902.0 872.0 -1242.0
2045.0 845.0 -1267.0
1942.0 902.0 -1187.0
2112.0 907.0 -1222.0
1780.0 902.0 -1212.0
1862.0 772.0 -1305.0
1837.0 902.0 -1145.0
1827.0 855.0 -1165.0
1965.0 917.0 -1257.0
1980.0 1002.0 -1155.0
2040.0 902.0 -1277.0
1867.0 887.0 -1177.0
1912.0 777.0 -1305.0
1847.0 882.0 -1155.0
1812.0 922.0 -1227.0
2040.0 897.0 -1242.0
2000.0 805.0 -1242.0
2010.0 815.0 -1355.0
1955.0 907.0 -1227.0
1750.0 845.0 -1232.0
1970.0 820.0 -1292.0
1735.0 1075.0 -1355.0
1325.0 1037.0 -1305.0
1592.0 1090.0 -1207.0
1522.0 1052.0 -1350.0
1755.0 1037.0 -1292.0
1765.0 1080.0 -1330.0
1695.0 990.0 -1315.0
1705.0 1007.0 -1207.0
1645.0 965.0 -1182.0
1552.0 1057.0 -1192.0
1597.0 1057.0 -1267.0
1597.0 1012.0 -1207.0
1625.0 950.0 -1305.0
1612.0 1182.0 -1065.0
1592.0 1022.0 -1130.0
1625.0 1147.0 -1145.0
1612.0 1105.0 -1192.0
1775.0 1147.0 -1282.0
1650.0 1250.0 -1177.0
1685.0 1125.0 -1202.0
1812.0 1132.0 -1232.0
1675.0 1137.0 -1192.0
1780.0 1187.0 -1197.0
1665.0 1120.0 -1170.0
1827.0 1187.0 -1252.0
1685.0 1080.0 -1227.0
1812.0 1095.0 -1305.0
1735.0 1230.0 -1187.0
1750.0 1260.0 -1145.0
1665.0 1105.0 -1242.0
1640.0 1192.0 -1165.0
1597.0 1152.0 -1262.0
1517.0 1167.0 -1022.0
1517.0 1132.0 -1165.0
1517.0 1120.0 -1095.0
1532.0 1027.0 -1207.0
1655.0 1147.0 -1187.0
1582.0 1095.0 -1155.0
1630.0 1162.0 -1155.0
1645.0 1115.0 -1202.0
1827.0 1162.0 -1192.0
1690.0 1162.0 -1192.0
1740.0 1075.0 -1237.0
1660.0 1017.0 -1267.0
1635.0 1245.0 -1170.0
1557.0 1167.0 -1202.0
1797.0 1052.0 -1365.0
1587.0 1125.0 -1150.0
1715.0 1110.0 -1247.0
1887.0 1110.0 -1277.0
1415.0 1322.0 -1150.0
1282.0 1137.0 -1125.0
1125.0 1260.0 -1272.0
1360.0 1147.0 -1355.0
1355.0 1335.0 -1085.0
1247.0 1302.0 -1155.0
1430.0 1345.0 -1267.0
1450.0 1287.0 -1340.0
1537.0 1297.0 -1212.0
1472.0 1307.0 -1292.0
1415.0 1307.0 -1267.0
1445.0 1340.0 -1242.0
1547.0 1375.0 -1325.0
1287.0 1355.0 -1310.0
1315.0 1250.0 -1380.0
1247.0 1380.0 -1060.0
1257.0 1330.0 -1202.0
1440.0 1427.0 -1247.0
1267.0 1412.0 -1232.0
1320.0 1490.0 -1212.0
1380.0 1380.0 -1262.0
1492.0 1407.0 -1242.0
1365.0 1407.0 -1277.0
1557.0 1375.0 -1305.0
1310.0 1397.0 -1125.0
1222.0 1360.0 -1155.0
1310.0 1480.0 -1120.0
1335.0 1335.0 -1222.0
1430.0 1350.0 -1237.0
1395.0 1312.0 -1320.0
1325.0 1407.0 -1110.0
1292.0 1355.0 -1217.0
1497.0 1390.0 -1292.0
1472.0 1457.0 -1182.0
1430.0 1370.0 -1282.0
1472.0 1427.0 -1217.0
1415.0 1485.0 -1237.0
1340.0 1525.0 -1145.0
1262.0 1485.0 -1212.0
1330.0 1385.0 -1150.0
1257.0 1345.0 -1197.0
1420.0 1417.0 -1227.0
1247.0 1370.0 -1202.0
1365.0 1447.0 -1197.0
1390.0 1390.0 -1277.0
1462.0 1452.0 -1252.0
1420.0 1407.0 -1217.0
1502.0 1447.0 -1297.0
1455.0 1375.0 -1232.0
1552.0 1417.0 -1237.0
1030.0 1505.0 -1085.0
1015.0 1630.0 -962.0
1267.0 1510.0 -1202.0
1177.0 1407.0 -992.0
1252.0 1505.0 -1237.0
1182.0 1567.0 -1192.0
1080.0 1582.0 -1170.0
1152.0 1615.0 -1187.0
1050.0 1510.0 -1212.0
1075.0 1547.0 -1055.0
1172.0 1510.0 -1237.0
1167.0 1572.0 -1315.0
1287.0 1552.0 -1242.0
1070.0 1505.0 -1160.0
975.0 1605.0 -1032.0
1070.0 1452.0 -1365.0
1080.0 1480.0 -1252.0
1182.0 1557.0 -1305.0
1277.0 1542.0 -1272.0
1232.0 1682.0 -1272.0
1000.0 1615.0 -1187.0
1237.0 1495.0 -1390.0
1125.0 1520.0 -1325.0
1202.0 1662.0 -1272.0
1060.0 1620.0 -1212.0
1125.0 1625.0 -1192.0
985.0 1505.0 -1135.0
1045.0 1557.0 -1272.0
1020.0 1557.0 -1192.0
957.0 1495.0 -1272.0
975.0 1630.0 -1075.0
995.0 1577.0 -1192.0
1172.0 1692.0 -1242.0
1100.0 1615.0 -1242.0
1115.0 1547.0 -1292.0
1152.0 1567.0 -1257.0
1147.0 1525.0 -1252.0
1080.0 1645.0 -1165.0
1010.0 1620.0 -1197.0
1045.0 1650.0 -1100.0
1055.0 1662.0 -1262.0
1212.0 1662.0 -1305.0
1172.0 1592.0 -1242.0
1202.0 1582.0 -1277.0
1110.0 1562.0 -1247.0
1247.0 1537.0 -1310.0
1222.0 1532.0 -1310.0
1217.0 1667.0 -1247.0
1070.0 1640.0 -1187.0
1115.0 1625.0 -1237.0
695.0 1745.0 -1247.0
892.0 1672.0 -1065.0
877.0 1600.0 -1105.0
980.0 1722.0 -1292.0
872.0 1847.0 -1227.0
922.0 1755.0 -1340.0
740.0 1785.0 -1242.0
805.0 1682.0 -1330.0
675.0 1780.0 -1135.0
700.0 1760.0 -1242.0
730.0 1847.0 -1187.0
735.0 1722.0 -1247.0
735.0 1817.0 -1287.0
695.0 1755.0 -1237.0
695.0 1880.0 -1060.0
710.0 1775.0 -1095.0
765.0 1900.0 -1207.0
730.0 1857.0 -1160.0
947.0 1785.0 -1297.0
805.0 1822.0 -1192.0
892.0 1780.0 -1267.0
760.0 1802.0 -1187.0
780.0 1775.0 -1257.0
867.0 1837.0 -1267.0
892.0 1790.0 -1257.0
937.0 1780.0 -1345.0
730.0 1812.0 -1125.0
740.0 1697.0 -1257.0
932.0 1785.0 -1292.0
740.0 1852.0 -1177.0
1000.0 1797.0 -1267.0
805.0 1755.0 -1232.0
842.0 1730.0 -1370.0
805.0 1842.0 -1187.0
800.0 1780.0 -1170.0
882.0 1865.0 -1182.0
942.0 1775.0 -1330.0
857.0 1765.0 -1310.0
942.0 1790.0 -1272.0
805.0 1812.0 -1272.0
730.0 1827.0 -1247.0
947.0 1807.0 -1315.0
720.0 1880.0 -1170.0
800.0 1735.0 -1252.0
725.0 1880.0 -1060.0
862.0 1765.0 -1262.0
740.0 1807.0 -1232.0
837.0 1760.0 -1277.0
822.0 1832.0 -1125.0
942.0 1735.0 -1305.0
650.0 1822.0 -1095.0
650.0 1885.0 -1130.0
675.0 1905.0 -1070.0
650.0 1905.0 -1170.0
650.0 1797.0 -1370.0
430.0 1942.0 -1160.0
512.0 1957.0 -1247.0
572.0 1995.0 -1177.0
542.0 1900.0 -1222.0
567.0 2020.0 -1227.0
642.0 1957.0 -1207.0
642.0 1890.0 -1292.0
650.0 1880.0 -1292.0
627.0 1937.0 -1287.0
642.0 1827.0 -1375.0
465.0 1880.0 -1095.0
517.0 1865.0 -1192.0
582.0 1995.0 -1187.0
552.0 1942.0 -1262.0
675.0 1952.0 -1227.0
622.0 1895.0 -1227.0
557.0 1957.0 -1237.0
642.0 1900.0 -1325.0
685.0 1947.0 -1335.0
582.0 1925.0 -1247.0
665.0 1905.0 -1277.0
655.0 1932.0 -1305.0
710.0 2040.0 -1227.0
607.0 1932.0 -1187.0
650.0 1905.0 -1257.0
650.0 1895.0 -1237.0
632.0 1962.0 -1227.0
650.0 1972.0 -1232.0
617.0 1900.0 -1297.0
680.0 1905.0 -1202.0
675.0 1932.0 -1247.0
642.0 1885.0 -1335.0
592.0 1875.0 -1222.0
602.0 1890.0 -1310.0
572.0 1995.0 -1165.0
480.0 1995.0 -1217.0
675.0 1920.0 -1232.0
642.0 1852.0 -1305.0
502.0 2005.0 -1130.0
522.0 1937.0 -1247.0
627.0 1982.0 -1187.0
690.0 1987.0 -1257.0
572.0 1920.0 -1262.0
650.0 1947.0 -1267.0
627.0 1910.0 -1340.0
370.0 2130.0 -1207.0
257.0 2102.0 -1217.0
365.0 2087.0 -1262.0
370.0 2135.0 -1325.0
302.0 2227.0 -1282.0
360.0 2300.0 -1222.0
242.0 2117.0 -1257.0
325.0 2122.0 -1242.0
197.0 2087.0 -1267.0
232.0 2130.0 -1262.0
237.0 2135.0 -1297.0
267.0 2097.0 -1305.0
252.0 2202.0 -1090.0
297.0 2135.0 -1292.0
172.0 2092.0 -1242.0
287.0 2062.0 -1350.0
212.0 2122.0 -1170.0
267.0 2102.0 -1330.0
282.0 2112.0 -1247.0
340.0 2165.0 -1282.0
302.0 2160.0 -1257.0
247.0 2077.0 -1305.0
335.0 2155.0 -1297.0
162.0 2227.0 -1187.0
40.0 2185.0 -1222.0
237.0 2232.0 -1170.0
182.0 2140.0 -1192.0
330.0 2117.0 -1202.0
207.0 2112.0 -1287.0
150.0 2102.0 -1297.0
227.0 2145.0 -1242.0
212.0 2102.0 -1277.0
172.0 2102.0 -1257.0
155.0 2165.0 -1197.0
267.0 2107.0 -1310.0
345.0 2112.0 -1325.0
192.0 2117.0 -1177.0
232.0 2107.0 -1222.0
325.0 2232.0 -1197.0
192.0 2122.0 -1182.0
340.0 2050.0 -1425.0
262.0 2140.0 -1257.0
267.0 2097.0 -1272.0
355.0 2160.0 -1272.0
95.0 2112.0 -1165.0
187.0 2122.0 -1252.0
282.0 2112.0 -1252.0
287.0 2077.0 -1305.0
302.0 2135.0 -1150.0
312.0 2112.0 -1305.0
-370.0 2107.0 -1395.0
-130.0 2280.0 -1207.0
-237.0 2332.0 -1267.0
-217.0 2492.0 -1212.0
-262.0 2410.0 -1257.0
-90.0 2357.0 -1325.0
-162.0 2440.0 -1130.0
-355.0 2462.0 -1202.0
-177.0 2435.0 -1207.0
-312.0 2377.0 -1150.0
-380.0 2295.0 -1217.0
-110.0 2305.0 -1360.0
-317.0 2347.0 -1202.0
-182.0 2280.0 -1292.0
-60.0 2362.0 -1340.0
-202.0 2320.0 -1272.0
-227.0 2300.0 -1315.0
-237.0 2415.0 -1187.0
-330.0 2362.0 -1272.0
-162.0 2337.0 -1325.0
-105.0 2300.0 -1297.0
-150.0 2290.0 -1247.0
-277.0 2420.0 -1140.0
-350.0 2400.0 -1187.0
-162.0 2347.0 -1237.0
-192.0 2382.0 -1267.0
-197.0 2315.0 -1297.0
-277.0 2362.0 -1145.0
-267.0 2352.0 -1192.0
-162.0 2310.0 -1320.0
-90.0 2347.0 -1217.0
-192.0 2367.0 -1187.0
-162.0 2420.0 -1247.0
-237.0 2377.0 -1197.0
-145.0 2327.0 -1287.0
-330.0 2337.0 -1160.0
-257.0 2327.0 -1277.0
-155.0 2405.0 -1340.0
-232.0 2420.0 -1242.0
-302.0 2352.0 -1237.0
-267.0 2372.0 -1182.0
-237.0 2305.0 -1247.0
-187.0 2315.0 -1315.0
-182.0 2425.0 -1150.0
-207.0 2415.0 -1277.0
-167.0 2382.0 -1222.0
-297.0 2362.0 -1182.0
-325.0 2320.0 -1237.0
-272.0 2440.0 -1120.0
-257.0 2367.0 -1232.0
-612.0 2352.0 -1262.0
-440.0 2372.0 -1202.0
-527.0 2387.0 -1207.0
-445.0 2450.0 -1197.0
-637.0 2570.0 -1217.0
-547.0 2497.0 -1227.0
-547.0 2477.0 -1227.0
-435.0 2415.0 -1297.0
-487.0 2420.0 -1267.0
-572.0 2467.0 -1182.0
-487.0 2352.0 -1340.0
-552.0 2405.0 -1305.0
-562.0 2435.0 -1257.0
-567.0 2387.0 -1217.0
-487.0 2332.0 -1297.0
-710.0 2450.0 -1120.0
-665.0 2372.0 -1242.0
-587.0 2492.0 -1090.0
-582.0 2445.0 -1212.0
-460.0 2450.0 -1257.0
-572.0 2482.0 -1165.0
-582.0 2445.0 -1272.0
-532.0 2507.0 -1177.0
-597.0 2462.0 -1165.0
-440.0 2377.0 -1415.0
-562.0 2502.0 -1187.0
-465.0 2445.0 -1287.0
-470.0 2492.0 -1242.0
-502.0 2367.0 -1310.0
-552.0 2502.0 -1187.0
-552.0 2462.0 -1202.0
-455.0 2425.0 -1355.0
-492.0 2497.0 -1177.0
-445.0 2507.0 -1197.0
-650.0 2492.0 -1155.0
-435.0 2430.0 -1237.0
-547.0 2472.0 -1202.0
-460.0 2420.0 -1292.0
-440.0 2472.0 -1237.0
-492.0 2425.0 -1292.0
-527.0 2482.0 -1262.0
-445.0 2405.0 -1305.0
-592.0 2477.0 -1192.0
-450.0 2405.0 -1315.0
-470.0 2467.0 -1257.0
-507.0 2512.0 -1242.0
-465.0 2555.0 -1207.0
-627.0 2492.0 -1145.0
-542.0 2545.0 -1135.0
-532.0 2467.0 -1247.0
-957.0 2565.0 -1207.0
-1010.0 2585.0 -1050.0
-957.0 2530.0 -1187.0
-990.0 2545.0 -1080.0
-1090.0 2570.0 -1017.0
-952.0 2540.0 -1252.0
-985.0 2535.0 -1227.0
-990.0 2617.0 -1090.0
-952.0 2545.0 -1272.0
-995.0 2570.0 -1232.0
-995.0 2565.0 -1305.0
-975.0 2652.0 -1227.0
-1085.0 2540.0 -1150.0
-1025.0 2647.0 -1160.0
-1025.0 2642.0 -1150.0
-1065.0 2555.0 -1335.0
-1030.0 2627.0 -1197.0
-1045.0 2642.0 -1110.0
-990.0 2585.0 -1247.0
-1060.0 2602.0 -1232.0
-1152.0 2580.0 -1305.0
-1000.0 2637.0 -1232.0
-1010.0 2627.0 -1207.0
-1055.0 2590.0 -1272.0
-975.0 2675.0 -1217.0
-1035.0 2622.0 -1305.0
-1162.0 2715.0 -1145.0
-1120.0 2690.0 -1262.0
-1360.0 2602.0 -1155.0
-1252.0 2502.0 -1212.0
-1167.0 2710.0 -1202.0
-1137.0 2675.0 -1155.0
-1167.0 2555.0 -1292.0
-1222.0 2585.0 -1177.0
-1152.0 2622.0 -1202.0
-1085.0 2570.0 -1305.0
-1207.0 2665.0 -1140.0
-1325.0 2617.0 -1192.0
-1305.0 2647.0 -1085.0
-1310.0 2607.0 -1177.0
-1075.0 2690.0 -1227.0
-1222.0 2622.0 -1287.0
-1167.0 2545.0 -1305.0
-1070.0 2585.0 -1242.0
-1152.0 2627.0 -1282.0
-1090.0 2602.0 -1267.0
-1242.0 2637.0 -1222.0
-1192.0 2637.0 -1292.0
-1252.0 2637.0 -1145.0
-1292.0 2580.0 -1242.0
-1517.0 2580.0 -1135.0
-1527.0 2602.0 -1120.0
-1502.0 2585.0 -1252.0
-1597.0 2700.0 -1115.0
-1597.0 2680.0 -1197.0
-1577.0 2720.0 -1192.0
-1775.0 2665.0 -1100.0
-1822.0 2762.0 -1037.0
-1700.0 2715.0 -1150.0
-1715.0 2732.0 -1130.0
-1725.0 2732.0 -1202.0
-1607.0 2727.0 -1120.0
-1660.0 2665.0 -1105.0
-1557.0 2642.0 -1187.0
-1670.0 2652.0 -1125.0
-1705.0 2675.0 -1170.0
-1700.0 2737.0 -1002.0
-1705.0 2665.0 -1145.0
-1720.0 2757.0 -1100.0
-1817.0 2742.0 -1170.0
-1650.0 2850.0 -1135.0
-1750.0 2815.0 -1140.0
-1730.0 2757.0 -1115.0
-1660.0 2787.0 -1197.0
-1892.0 2660.0 -1192.0
-1532.0 2607.0 -1380.0
-1770.0 2680.0 -1160.0
-1852.0 2700.0 -1182.0
-1760.0 2700.0 -1150.0
-1720.0 2627.0 -1227.0
-1577.0 2660.0 -1330.0
-1735.0 2752.0 -1192.0
-1897.0 2660.0 -1135.0
-1847.0 2710.0 -1140.0
-1760.0 2660.0 -1187.0
-1567.0 2695.0 -1305.0
-1715.0 2732.0 -1212.0
-1827.0 2665.0 -1197.0
-1822.0 2710.0 -1070.0
-1852.0 2597.0 -1217.0
-1852.0 2800.0 -1120.0
-1887.0 2762.0 -1115.0
-1665.0 2772.0 -1192.0
-1792.0 2727.0 -1197.0
-1695.0 2660.0 -1272.0
-1607.0 2675.0 -1252.0
-1567.0 2665.0 -1305.0
-1802.0 2710.0 -1115.0
-1760.0 2585.0 -1360.0
-1882.0 2685.0 -1187.0
-2290.0 2690.0 -1217.0
-2202.0 2545.0 -1355.0
-2315.0 2612.0 -1297.0
-2492.0 2652.0 -1165.0
-2405.0 2622.0 -1252.0
-2512.0 2742.0 -1050.0
-2512.0 2705.0 -1100.0
-2512.0 2642.0 -1232.0
-2425.0 2732.0 -1160.0
-2522.0 2727.0 -1140.0
-2395.0 2652.0 -1247.0
-2350.0 2715.0 -1242.0
-2420.0 2705.0 -1187.0
-2507.0 2632.0 -1130.0
-2457.0 2787.0 -1090.0
-2467.0 2732.0 -1177.0
-2567.0 2715.0 -1170.0
-2452.0 2800.0 -1187.0
-2477.0 2720.0 -1140.0
-2492.0 2710.0 -1187.0
-2517.0 2772.0 -1045.0
-2420.0 2720.0 -1232.0
-2400.0 2660.0 -1252.0
-2335.0 2782.0 -1022.0
-2350.0 2737.0 -1165.0
-2325.0 2695.0 -1177.0
-2552.0 2787.0 -1007.0
-2527.0 2772.0 -1140.0
-2360.0 2742.0 -1100.0
-2527.0 2737.0 -1110.0
-2562.0 2700.0 -1140.0
-2415.0 2762.0 -1120.0
-2410.0 2690.0 -1207.0
-2242.0 2660.0 -1267.0
-2390.0 2762.0 -1160.0
-2532.0 2685.0 -1145.0
-2420.0 2767.0 -1095.0
-2522.0 2762.0 -1150.0
-2395.0 2737.0 -1197.0
-2527.0 2762.0 -1075.0
-2610.0 2675.0 -1100.0
-2517.0 2767.0 -1115.0
-2390.0 2737.0 -1187.0
-2420.0 2727.0 -1145.0
-2477.0 2680.0 -1177.0
-2487.0 2747.0 -1115.0
-2462.0 2727.0 -1182.0
-2325.0 2762.0 -1202.0
-2472.0 2742.0 -1130.0
-2415.0 2652.0 -1267.0
-3250.0 2660.0 -1032.0
-3217.0 2632.0 -1125.0
-3097.0 2585.0 -1130.0
-3335.0 2530.0 -1065.0
-3482.0 2570.0 -1090.0
-3242.0 2580.0 -1145.0
-3432.0 2607.0 -1050.0
-3325.0 2597.0 -1130.0
-3335.0 2540.0 -1207.0
-3255.0 2585.0 -1090.0
-3260.0 2622.0 -1192.0
-3197.0 2555.0 -1207.0
-3487.0 2670.0 -967.0
-3432.0 2607.0 -992.0
-3242.0 2575.0 -1155.0
-3437.0 2607.0 -987.0
-3452.0 2612.0 -992.0
-3250.0 2612.0 -1027.0
-3417.0 2652.0 -1022.0
-3452.0 2540.0 -1045.0
-3212.0 2472.0 -1207.0
-3442.0 2637.0 -1007.0
-3320.0 2560.0 -1155.0
-3187.0 2502.0 -1257.0
-3340.0 2597.0 -1060.0
-3380.0 2565.0 -1182.0
-3217.0 2555.0 -1177.0
-3325.0 2540.0 -1115.0
-3427.0 2585.0 -1100.0
-3370.0 2602.0 -972.0
-3315.0 2502.0 -1055.0
-3345.0 2545.0 -1165.0
-3217.0 2647.0 -1045.0
-3270.0 2622.0 -1145.0
-3270.0 2565.0 -1192.0
-3422.0 2710.0 -977.0
-3427.0 2612.0 -1050.0
-3232.0 2565.0 -1145.0
-3275.0 2612.0 -1135.0
-3390.0 2597.0 -1060.0
-3467.0 2585.0 -1060.0
-3250.0 2580.0 -1150.0
-3527.0 2665.0 -905.0
-3487.0 2632.0 -1037.0
-3232.0 2585.0 -1160.0
-3522.0 2715.0 -977.0
-3390.0 2627.0 -1130.0
-3345.0 2632.0 -1140.0
-3227.0 2565.0 -1140.0
-3370.0 2637.0 -1027.0
-4040.0 2265.0 -1060.0
-4225.0 2405.0 -937.0
-4260.0 2232.0 -977.0
-4230.0 2400.0 -820.0
-4245.0 2400.0 -957.0
-4225.0 2372.0 -905.0
-4182.0 2410.0 -1002.0
-4015.0 2280.0 -1080.0
-4235.0 2320.0 -962.0
-3945.0 2222.0 -1177.0
-4250.0 2295.0 -967.0
-4355.0 2310.0 -977.0
-4250.0 2320.0 -927.0
-4275.0 2305.0 -977.0
-4240.0 2327.0 -922.0
-4127.0 2332.0 -982.0
-4112.0 2290.0 -1055.0
-4102.0 2227.0 -1155.0
-4412.0 2310.0 -870.0
-4340.0 2265.0 -992.0
-4112.0 2327.0 -1045.0
-4320.0 2347.0 -900.0
-4147.0 2320.0 -1055.0
-4280.0 2315.0 -905.0
-4212.0 2247.0 -982.0
-4167.0 2347.0 -992.0
-4225.0 2320.0 -1007.0
-4137.0 2280.0 -1090.0
-4320.0 2342.0 -835.0
-4330.0 2300.0 -1012.0
-4162.0 2275.0 -1070.0
-4117.0 2315.0 -1017.0
-4182.0 2327.0 -982.0
-4142.0 2327.0 -1007.0
-4265.0 2300.0 -942.0
-4260.0 2275.0 -1050.0
-4305.0 2352.0 -922.0
-4360.0 2290.0 -1002.0
-4020.0 2212.0 -1115.0
-4182.0 2315.0 -977.0
-4270.0 2310.0 -1012.0
-4250.0 2357.0 -910.0
-4217.0 2295.0 -947.0
-4182.0 2280.0 -1037.0
-4192.0 2372.0 -917.0
-4152.0 2295.0 -1045.0
-4225.0 2327.0 -937.0
-4112.0 2300.0 -1055.0
-4335.0 2332.0 -927.0
-4270.0 2275.0 -977.0
-5817.0 1277.0 -565.0
-5645.0 1340.0 -645.0
-5205.0 1682.0 -707.0
-5295.0 1707.0 -747.0
-5270.0 1615.0 -865.0
-5482.0 1640.0 -672.0
-5107.0 1775.0 -927.0
-5025.0 1785.0 -942.0
-5142.0 1712.0 -860.0
-5000.0 1740.0 -962.0
-5215.0 1712.0 -905.0
-4940.0 1662.0 -1017.0
-5182.0 1702.0 -855.0
-5220.0 1697.0 -875.0
-5245.0 1712.0 -890.0
-5132.0 1717.0 -942.0
-5067.0 1662.0 -962.0
-5162.0 1790.0 -767.0
-5270.0 1745.0 -855.0
-5205.0 1785.0 -825.0
-5172.0 1735.0 -895.0
-4910.0 1667.0 -1017.0
-5200.0 1780.0 -815.0
-5200.0 1750.0 -885.0
-5157.0 1785.0 -910.0
-5102.0 1640.0 -895.0
-5010.0 1697.0 -1022.0
-5157.0 1775.0 -880.0
-5265.0 1712.0 -860.0
-5230.0 1760.0 -800.0
-5132.0 1702.0 -917.0
-5000.0 1640.0 -1080.0
-5325.0 1785.0 -800.0
-5205.0 1765.0 -885.0
-5107.0 1765.0 -845.0
-5122.0 1672.0 -890.0
-5067.0 1692.0 -962.0
-5200.0 1812.0 -800.0
-5182.0 1817.0 -870.0
-5047.0 1712.0 -922.0
-5147.0 1832.0 -845.0
-5265.0 1832.0 -820.0
-5215.0 1677.0 -942.0
-5172.0 1790.0 -840.0
-5167.0 1730.0 -885.0
-5295.0 1682.0 -825.0
-5082.0 1697.0 -977.0
-5295.0 1827.0 -762.0
-5147.0 1770.0 -890.0
-5172.0 1760.0 -900.0
-6712.0 40.0 -502.0
-6772.0 45.0 -350.0
-6875.0 67.0 -325.0
-6875.0 55.0 -407.0
-6792.0 15.0 -417.0
-6737.0 5.0 -512.0
-6667.0 82.0 -492.0
-6782.0 87.0 -442.0
-6747.0 170.0 -335.0
-6672.0 135.0 -560.0
-6677.0 237.0 -560.0
-6645.0 347.0 -512.0
-6575.0 372.0 -472.0
-6457.0 332.0 -565.0
-6295.0 410.0 -570.0
-6225.0 700.0 -585.0
-6137.0 732.0 -610.0
-6092.0 882.0 -732.0
-6407.0 602.0 -585.0
-5925.0 980.0 -737.0
-5817.0 882.0 -870.0
-6142.0 912.0 -672.0
-6137.0 887.0 -732.0
-6037.0 927.0 -830.0
-6000.0 945.0 -805.0
-5910.0 922.0 -840.0
-5990.0 922.0 -840.0
-5985.0 917.0 -845.0
-5970.0 960.0 -732.0
-6027.0 1032.0 -757.0
-5935.0 927.0 -830.0
-6092.0 1027.0 -615.0
-6032.0 997.0 -702.0
-5905.0 980.0 -855.0
-6152.0 970.0 -672.0
-6220.0 1022.0 -697.0
-6022.0 955.0 -772.0
-6107.0 997.0 -727.0
-6195.0 927.0 -702.0
-5985.0 922.0 -795.0
-6052.0 945.0 -795.0
-5955.0 922.0 -865.0
-6102.0 940.0 -727.0
-6112.0 940.0 -747.0
-6102.0 1037.0 -630.0
-5950.0 1047.0 -757.0
-6082.0 1012.0 -762.0
-5885.0 850.0 -972.0
-6005.0 940.0 -772.0
-6117.0 965.0 -757.0
-6692.0 -122.0 -620.0
-6825.0 -30.0 -535.0
-6742.0 -20.0 -462.0
-6712.0 -155.0 -605.0
-6737.0 -97.0 -477.0
-6525.0 -135.0 -575.0
-6712.0 -97.0 -540.0
-6910.0 -60.0 -375.0
-6825.0 -102.0 -530.0
-6772.0 -122.0 -570.0
-6590.0 -20.0 -600.0
-6722.0 -50.0 -462.0
-6767.0 -30.0 -437.0
-6850.0 -155.0 -477.0
-6825.0 -67.0 -335.0
-6505.0 -87.0 -502.0
-6635.0 -67.0 -517.0
-6797.0 -15.0 -457.0
-6645.0 -40.0 -462.0
-6890.0 -82.0 -457.0
-6825.0 -40.0 -477.0
-6850.0 -170.0 -402.0
-6817.0 -190.0 -595.0
-6742.0 -112.0 -540.0
-6615.0 -135.0 -590.0
-6585.0 -207.0 -610.0
-6492.0 -217.0 -615.0
-6825.0 -140.0 -492.0
-6610.0 -247.0 -662.0
-6747.0 -160.0 -645.0
-6747.0 -160.0 -590.0
-6772.0 -175.0 -550.0
-6707.0 -175.0 -615.0
-6910.0 -135.0 -375.0
-6890.0 -202.0 -472.0
-6757.0 -77.0 -487.0
-6840.0 -55.0 -477.0
-6702.0 -190.0 -645.0
-6600.0 -135.0 -605.0
-6772.0 -185.0 -535.0
-6787.0 -72.0 -482.0
-6890.0 -92.0 -482.0
-6812.0 -92.0 -432.0
-6900.0 -72.0 -590.0
-6807.0 -10.0 -535.0
-6890.0 -60.0 -487.0
-6797.0 -30.0 -590.0
-6825.0 -367.0 -560.0
-6732.0 -517.0 -630.0
-7117.0 -860.0 -477.0
-7255.0 -1287.0 -487.0
-7342.0 -1490.0 -335.0
-7505.0 -2372.0 -300.0
-7485.0 -2535.0 -252.0
-7372.0 -2632.0 -300.0
-7417.0 -2685.0 -402.0
-7377.0 -2627.0 -330.0
-7150.0 -2472.0 -530.0
-7427.0 -2280.0 -340.0
-7240.0 -2227.0 -550.0
-7347.0 -2190.0 -427.0
-7215.0 -2327.0 -555.0
-7397.0 -2327.0 -497.0
-7250.0 -2425.0 -580.0
-7337.0 -2372.0 -540.0
-7280.0 -2415.0 -512.0
-7312.0 -2347.0 -380.0
-7305.0 -2275.0 -345.0
-7422.0 -2362.0 -442.0
-7495.0 -2265.0 -295.0
-7510.0 -2420.0 -402.0
-7485.0 -2305.0 -232.0
-7505.0 -2387.0 -305.0
-7505.0 -2352.0 -295.0
-7520.0 -2450.0 -447.0
-7447.0 -2357.0 -360.0
-7495.0 -2482.0 -497.0
-7530.0 -2445.0 -385.0
-7447.0 -2472.0 -457.0
-7495.0 -2477.0 -447.0
-7437.0 -2560.0 -472.0
-7555.0 -2492.0 -300.0
-7475.0 -2497.0 -392.0
-7387.0 -2477.0 -237.0
-7422.0 -2497.0 -345.0
-7250.0 -2467.0 -452.0
-7372.0 -2415.0 -345.0
-7220.0 -2477.0 -385.0
-7437.0 -2472.0 -325.0
-7362.0 -2570.0 -472.0
-7417.0 -2450.0 -310.0
-7515.0 -2462.0 -402.0
-7490.0 -2372.0 -365.0
-7520.0 -2382.0 -345.0
-7322.0 -2357.0 -330.0
-7490.0 -2445.0 -370.0
-7175.0 -2450.0 -472.0
-7485.0 -2415.0 -350.0
-7515.0 -2450.0 -407.0
-7505.0 -2280.0 -167.0
-7387.0 -3095.0 -270.0
-7205.0 -3317.0 -365.0
-7290.0 -4030.0 -315.0
-7290.0 -4072.0 -330.0
-7332.0 -3255.0 -512.0
-7185.0 -2930.0 -512.0
-7457.0 -2845.0 -365.0
-7432.0 -2862.0 -412.0
-7372.0 -2710.0 -335.0
-7190.0 -2912.0 -407.0
-7275.0 -2867.0 -270.0
-7305.0 -2767.0 -380.0
-7290.0 -2715.0 -492.0
-7322.0 -2877.0 -305.0
-7417.0 -3022.0 -285.0
-7442.0 -3475.0 -252.0
-7545.0 -3437.0 -237.0
-7620.0 -3460.0 -142.0
-7677.0 -3605.0 -147.0
-7682.0 -3657.0 -132.0
-7687.0 -3822.0 -227.0
-7620.0 -3797.0 -192.0
-7555.0 -3807.0 -270.0
-7452.0 -3740.0 -217.0
-7317.0 -3717.0 -202.0
-7712.0 -3635.0 -197.0
-7600.0 -3625.0 -120.0
-7747.0 -3765.0 -75.0
-7787.0 -3692.0 20.0
-7625.0 -3822.0 -187.0
-7540.0 -3827.0 -197.0
-7422.0 -3852.0 -320.0
-7625.0 -3807.0 -142.0
-7467.0 -3770.0 -197.0
-7615.0 -3807.0 -152.0
-7677.0 -3687.0 -75.0
-7727.0 -3712.0 -45.0
-7620.0 -3755.0 -60.0
-7727.0 -3822.0 -70.0
-7565.0 -3837.0 -65.0
-7747.0 -3780.0 -10.0
-7672.0 -3770.0 -35.0
-7667.0 -3817.0 -142.0
-7550.0 -3797.0 -90.0
-7657.0 -3875.0 -90.0
-7500.0 -3792.0 -110.0
-7605.0 -3837.0 -75.0
-7457.0 -3832.0 -197.0
-7520.0 -3832.0 -177.0
-7475.0 -3822.0 -217.0
-7332.0 -4342.0 -222.0
-7155.0 -5350.0 0.0
-7047.0 -5515.0 -95.0
-7102.0 -5152.0 -5.0
-7200.0 -4840.0 -75.0
-6980.0 -4237.0 -545.0
-7387.0 -4280.0 -182.0
-7180.0 -4997.0 15.0
-6835.0 -5340.0 -217.0
-7097.0 -5360.0 -137.0
-7160.0 -5480.0 -75.0
-7275.0 -5532.0 -75.0
-7220.0 -5427.0 35.0
-7317.0 -5447.0 0.0
-7235.0 -5475.0 -20.0
-7255.0 -5510.0 0.0
-7180.0 -5475.0 75.0
-7342.0 -5630.0 142.0
-7280.0 -5527.0 290.0
-7235.0 -5542.0 55.0
-7150.0 -5500.0 10.0
-7220.0 -5537.0 -95.0
-7062.0 -5600.0 -197.0
-7215.0 -5567.0 -40.0
-7337.0 -5630.0 50.0
-7300.0 -5537.0 172.0
-7205.0 -5600.0 -60.0
-7220.0 -5470.0 -10.0
-7280.0 -5557.0 -70.0
-7027.0 -5667.0 -55.0
-7180.0 -5615.0 30.0
-7002.0 -5630.0 -85.0
-7047.0 -5702.0 -90.0
-7092.0 -5770.0 -152.0
-7072.0 -5657.0 -70.0
-7067.0 -5677.0 -167.0
-7160.0 -5672.0 -167.0
-7097.0 -5645.0 -80.0
-7195.0 -5712.0 -35.0
-7150.0 -5702.0 -110.0
-7017.0 -5712.0 -115.0
-7170.0 -5750.0 -85.0
-7155.0 -5657.0 -95.0
-7067.0 -5600.0 -75.0
-7107.0 -5610.0 -125.0
-7170.0 -5645.0 -132.0
-7017.0 -5677.0 -222.0
-7132.0 -5600.0 -125.0
-7195.0 -5712.0 -247.0
-7245.0 -5590.0 -100.0
-7017.0 -6102.0 -147.0
-6960.0 -6097.0 5.0
-6860.0 -6477.0 -80.0
-6777.0 -6377.0 -40.0
-6825.0 -6637.0 -65.0
-6625.0 -6757.0 -207.0
-6802.0 -6737.0 -40.0
-6850.0 -6757.0 -85.0
-6645.0 -6815.0 -197.0
-6812.0 -6767.0 -90.0
-6875.0 -6872.0 -90.0
-6767.0 -6785.0 -90.0
-6727.0 -6757.0 -45.0
-6610.0 -6752.0 -120.0
-6855.0 -6790.0 -50.0
-6792.0 -6882.0 -157.0
-6792.0 -6752.0 -120.0
-6752.0 -6785.0 -137.0
-6595.0 -6825.0 -172.0
-6757.0 -6835.0 -132.0
-6855.0 -6820.0 -110.0
-6825.0 -6700.0 35.0
-6960.0 -6732.0 -85.0
-6742.0 -6727.0 -152.0
-6905.0 -6800.0 5.0
-6855.0 -6872.0 -157.0
-6757.0 -6825.0 -70.0
-6792.0 -6840.0 -40.0
-6895.0 -6930.0 -55.0
-6875.0 -6795.0 147.0
-6772.0 -6867.0 -35.0
-6645.0 -6872.0 -55.0
-6772.0 -6800.0 -90.0
-6767.0 -6835.0 -137.0
-6580.0 -6737.0 -172.0
-6732.0 -6690.0 -85.0
-6825.0 -6695.0 -35.0
-6722.0 -6685.0 -70.0
-6855.0 -6785.0 -25.0
-6817.0 -6857.0 -80.0
-6855.0 -6790.0 90.0
-6835.0 -6777.0 35.0
-6980.0 -6845.0 20.0
-6970.0 -6752.0 40.0
-6895.0 -6695.0 40.0
-6757.0 -6737.0 -110.0
-6717.0 -6665.0 -55.0
-6825.0 -6700.0 -45.0
-6910.0 -6772.0 -80.0
-6945.0 -6612.0 70.0
-6265.0 -7517.0 152.0
-6200.0 -7720.0 100.0
-6027.0 -7985.0 147.0
-5837.0 -8120.0 242.0
-5832.0 -8270.0 152.0
-5842.0 -8222.0 120.0
-5812.0 -8285.0 120.0
-5855.0 -8347.0 45.0
-5665.0 -8415.0 30.0
-5895.0 -8332.0 157.0
-6017.0 -8357.0 157.0
-5895.0 -8265.0 120.0
-5970.0 -8362.0 60.0
-5812.0 -8525.0 -167.0
-5870.0 -8425.0 85.0
-5890.0 -8342.0 10.0
-5757.0 -8367.0 0.0
-5885.0 -8367.0 30.0
-5802.0 -8385.0 -120.0
-5797.0 -8312.0 50.0
-5945.0 -8290.0 40.0
-5865.0 -8260.0 -15.0
-5797.0 -8342.0 -65.0
-5625.0 -8347.0 -132.0
-5895.0 -8362.0 0.0
-5905.0 -8337.0 -55.0
-5832.0 -8285.0 30.0
-5885.0 -8317.0 -95.0
-5650.0 -8357.0 -162.0
-5885.0 -8312.0 5.0
-5970.0 -8322.0 -15.0
-5850.0 -8300.0 15.0
-5860.0 -8322.0 -40.0
-5605.0 -8372.0 -187.0
-5860.0 -8295.0 30.0
-5870.0 -8332.0 -25.0
-5792.0 -8327.0 15.0
-5865.0 -8347.0 -30.0
-5660.0 -8352.0 -95.0
-5757.0 -8300.0 -45.0
-5880.0 -8367.0 -105.0
-5900.0 -8362.0 10.0
-5885.0 -8280.0 -10.0
-5925.0 -8197.0 35.0
-5900.0 -8242.0 -55.0
-5717.0 -8290.0 -115.0
-5827.0 -8285.0 -65.0
-5717.0 -8322.0 -142.0
-5995.0 -8317.0 20.0
-5910.0 -8367.0 -55.0
-4915.0 -9152.0 447.0
-4250.0 -9557.0 477.0
-3650.0 -9922.0 457.0
-3700.0 -9895.0 137.0
-3832.0 -9792.0 162.0
-3847.0 -9975.0 60.0
-3832.0 -10062.0 90.0
-3900.0 -10067.0 10.0
-3797.0 -9962.0 55.0
-3807.0 -10010.0 50.0
-3695.0 -10150.0 0.0
-3737.0 -10082.0 132.0
-3737.0 -10010.0 100.0
-3777.0 -10042.0 10.0
-3700.0 -10042.0 -35.0
-3720.0 -10097.0 -60.0
-3742.0 -10077.0 -25.0
-3757.0 -10082.0 -115.0
-3757.0 -9952.0 55.0
-3812.0 -9975.0 45.0
-3705.0 -9980.0 15.0
-3695.0 -9990.0 -55.0
-3772.0 -9967.0 30.0
-3847.0 -10097.0 5.0
-3747.0 -10020.0 5.0
-3660.0 -10010.0 -45.0
-3650.0 -9995.0 -5.0
-3777.0 -10072.0 0.0
-3700.0 -9975.0 35.0
-3787.0 -9975.0 85.0
-3812.0 -10067.0 -45.0
-3762.0 -10052.0 5.0
-3725.0 -10057.0 -25.0
-3660.0 -9942.0 -25.0
-3742.0 -9995.0 0.0
-3807.0 -10030.0 85.0
-3742.0 -10097.0 -25.0
-3715.0 -10042.0 10.0
-3680.0 -9980.0 -10.0
-3720.0 -10042.0 25.0
-3782.0 -10052.0 -5.0
-3700.0 -10102.0 -30.0
-3710.0 -9917.0 0.0
-3685.0 -9967.0 -10.0
-3742.0 -10077.0 -40.0
-3792.0 -10005.0 90.0
-3905.0 -10102.0 50.0
-3872.0 -10010.0 157.0
-3842.0 -10102.0 70.0
-3787.0 -9975.0 35.0
-3522.0 -10222.0 -95.0
-3600.0 -10197.0 -10.0
-3615.0 -10077.0 20.0
-3400.0 -10130.0 -30.0
-3600.0 -10062.0 70.0
-3660.0 -10140.0 75.0
-3517.0 -10092.0 -110.0
-3575.0 -9980.0 -60.0
-3595.0 -10010.0 -75.0
-3472.0 -9995.0 -187.0
-3605.0 -10010.0 -35.0
-3442.0 -10087.0 -147.0
-3650.0 -10087.0 -120.0
-3595.0 -10077.0 -142.0
-3635.0 -10020.0 -132.0
-3562.0 -10067.0 -80.0
-3625.0 -10087.0 -10.0
-3590.0 -10052.0 -50.0
-3655.0 -10087.0 -60.0
-3660.0 -10062.0 -95.0
-3542.0 -10087.0 -100.0
-3605.0 -10042.0 -35.0
-3615.0 -10120.0 -70.0
-3472.0 -10130.0 -137.0
-3580.0 -10087.0 -120.0
-3575.0 -10120.0 -147.0
-3640.0 -10130.0 -152.0
-3600.0 -10030.0 -65.0
-3660.0 -10092.0 -50.0
-3595.0 -10072.0 -75.0
-3487.0 -10082.0 -132.0
-3625.0 -10140.0 -110.0
-3585.0 -10120.0 -40.0
-3630.0 -10102.0 5.0
-3557.0 -10192.0 -45.0
-3720.0 -10250.0 15.0
-3680.0 -10120.0 20.0
-3665.0 -10097.0 45.0
-3575.0 -10110.0 0.0
-3575.0 -10135.0 -50.0
-3432.0 -10145.0 -110.0
-3492.0 -10197.0 -100.0
-3580.0 -10177.0 -70.0
-3670.0 -10145.0 -55.0
-3532.0 -10177.0 -60.0
-3412.0 -10182.0 -157.0
-3492.0 -10145.0 -110.0
-3635.0 -10130.0 -70.0
-3645.0 -10160.0 -50.0
-3675.0 -10192.0 -110.0
-1760.0 -10410.0 65.0
-1522.0 -10385.0 132.0
-897.0 -10400.0 120.0
-837.0 -10395.0 237.0
-975.0 -10472.0 217.0
-1095.0 -10612.0 242.0
-1182.0 -10872.0 252.0
-1065.0 -10882.0 110.0
-912.0 -10805.0 182.0
-872.0 -10690.0 147.0
-887.0 -10742.0 70.0
-975.0 -10722.0 257.0
-780.0 -10747.0 20.0
-975.0 -10660.0 20.0
-902.0 -10665.0 70.0
-1025.0 -10722.0 15.0
-1125.0 -10685.0 157.0
-975.0 -10742.0 5.0
-790.0 -10650.0 -20.0
-650.0 -10665.0 -75.0
-917.0 -10640.0 40.0
-937.0 -10582.0 115.0
-1000.0 -10660.0 60.0
-790.0 -10582.0 120.0
-1015.0 -10650.0 15.0
-1090.0 -10577.0 152.0
-785.0 -10685.0 -157.0
-842.0 -10727.0 -5.0
-685.0 -10825.0 -90.0
-812.0 -10785.0 -25.0
-700.0 -10757.0 -100.0
-827.0 -10727.0 45.0
-867.0 -10602.0 15.0
-887.0 -10742.0 -10.0
-907.0 -10640.0 5.0
-1005.0 -10655.0 20.0
-932.0 -10582.0 90.0
-1015.0 -10640.0 30.0
-962.0 -10612.0 -5.0
-1015.0 -10700.0 10.0
-770.0 -10790.0 -70.0
-877.0 -10727.0 -15.0
-695.0 -10675.0 -80.0
-862.0 -10670.0 35.0
-690.0 -10675.0 -227.0
-837.0 -10592.0 -142.0
-725.0 -10617.0 -157.0
-837.0 -10545.0 -105.0
-922.0 -10685.0 -162.0
-1015.0 -10602.0 -55.0
105.0 -10307.0 717.0
517.0 -10307.0 540.0
1272.0 -9957.0 550.0
1420.0 -9985.0 385.0
1360.0 -9905.0 472.0
1557.0 -10020.0 217.0
1257.0 -10155.0 232.0
1282.0 -10120.0 167.0
1152.0 -10015.0 -30.0
1120.0 -9975.0 -35.0
947.0 -9985.0 -125.0
947.0 -9995.0 -110.0
862.0 -10057.0 -125.0
817.0 -9962.0 15.0
947.0 -10010.0 -152.0
857.0 -9947.0 -75.0
877.0 -9995.0 -192.0
887.0 -9900.0 -132.0
800.0 -10025.0 -115.0
857.0 -9927.0 15.0
990.0 -10087.0 -80.0
1060.0 -9995.0 -30.0
867.0 -10102.0 -105.0
872.0 -9985.0 -50.0
932.0 -10062.0 -222.0
877.0 -10077.0 -152.0
1020.0 -10145.0 -402.0
847.0 -10047.0 -280.0
1262.0 -10072.0 -325.0
1085.0 -10165.0 -310.0
975.0 -10057.0 -147.0
867.0 -10102.0 -172.0
1070.0 -10197.0 20.0
1045.0 -10352.0 -45.0
862.0 -10352.0 -30.0
785.0 -10462.0 -132.0
617.0 -10347.0 -95.0
760.0 -10357.0 -217.0
770.0 -10342.0 -212.0
922.0 -10342.0 -340.0
847.0 -10307.0 -285.0
917.0 -10347.0 -355.0
812.0 -10275.0 -315.0
812.0 -10380.0 -350.0
785.0 -10212.0 -110.0
710.0 -10280.0 -137.0
765.0 -10207.0 -172.0
812.0 -10295.0 -252.0
962.0 -10217.0 -247.0
817.0 -10237.0 -197.0
2000.0 -9875.0 550.0
2462.0 -9407.0 482.0
2730.0 -8987.0 132.0
2735.0 -8907.0 187.0
2557.0 -8925.0 237.0
2705.0 -8925.0 202.0
2437.0 -8877.0 80.0
2442.0 -8752.0 -85.0
2280.0 -8857.0 -370.0
2300.0 -8897.0 -335.0
2197.0 -8915.0 -335.0
2375.0 -8945.0 -295.0
2275.0 -9022.0 -412.0
2447.0 -8970.0 -397.0
2320.0 -8997.0 -370.0
2452.0 -9060.0 -462.0
2267.0 -8867.0 -355.0
2340.0 -8882.0 -270.0
2212.0 -8857.0 -345.0
2267.0 -8847.0 -320.0
2197.0 -8940.0 -335.0
2137.0 -8857.0 -212.0
2252.0 -8970.0 -380.0
2242.0 -8997.0 -402.0
2477.0 -9065.0 -502.0
2315.0 -8970.0 -355.0
2355.0 -8877.0 -350.0
2285.0 -8930.0 -330.0
2207.0 -8847.0 -137.0
2172.0 -8930.0 -325.0
2177.0 -8982.0 -270.0
2197.0 -9060.0 -360.0
2295.0 -8965.0 -252.0
2527.0 -9117.0 -472.0
2410.0 -9180.0 -462.0
2390.0 -9205.0 -452.0
2477.0 -9172.0 -427.0
2562.0 -9142.0 -442.0
2242.0 -9127.0 -427.0
2262.0 -9075.0 -375.0
2112.0 -9267.0 -340.0
2075.0 -9132.0 -232.0
2202.0 -9205.0 -472.0
2257.0 -9225.0 -580.0
2390.0 -9205.0 -545.0
2167.0 -9172.0 -487.0
2035.0 -9095.0 -315.0
2040.0 -9172.0 -452.0
2187.0 -9132.0 -447.0
2300.0 -9235.0 -517.0
3127.0 -8545.0 15.0
3542.0 -7432.0 -325.0
4077.0 -7330.0 -187.0
4015.0 -7320.0 -137.0
3995.0 -7417.0 -132.0
3882.0 -7652.0 -40.0
3747.0 -8067.0 -70.0
3502.0 -8052.0 25.0
3645.0 -8155.0 -100.0
3427.0 -8285.0 -120.0
3512.0 -8332.0 -310.0
3315.0 -8312.0 -300.0
3270.0 -8385.0 -432.0
3152.0 -8285.0 -392.0
3060.0 -8250.0 -512.0
3055.0 -8322.0 -457.0
2995.0 -8192.0 -402.0
2980.0 -8125.0 -467.0
3015.0 -8135.0 -477.0
3107.0 -8202.0 -575.0
3197.0 -8165.0 -630.0
3107.0 -8150.0 -545.0
3250.0 -8202.0 -667.0
3167.0 -8265.0 -565.0
3242.0 -8182.0 -590.0
3107.0 -8212.0 -585.0
3152.0 -8242.0 -640.0
2975.0 -8140.0 -530.0
3087.0 -8197.0 -530.0
3060.0 -8290.0 -620.0
3005.0 -8140.0 -545.0
3137.0 -8160.0 -497.0
3035.0 -8207.0 -462.0
3010.0 -8202.0 -595.0
2980.0 -8155.0 -692.0
3207.0 -8187.0 -785.0
3237.0 -8160.0 -667.0
3070.0 -8102.0 -620.0
3122.0 -8115.0 -657.0
3025.0 -8057.0 -540.0
2975.0 -8030.0 -477.0
3005.0 -8087.0 -610.0
2975.0 -8047.0 -555.0
2955.0 -8115.0 -610.0
3045.0 -8107.0 -630.0
2960.0 -8030.0 -585.0
2960.0 -8025.0 -575.0
3035.0 -8222.0 -630.0
3060.0 -7770.0 -462.0
3207.0 -7652.0 -635.0
4502.0 -6390.0 -447.0
4600.0 -5720.0 -407.0
4452.0 -5422.0 -417.0
4467.0 -5432.0 -212.0
4345.0 -5672.0 -375.0
4260.0 -6052.0 -275.0
4472.0 -6265.0 -270.0
4255.0 -6280.0 -10.0
4255.0 -6207.0 50.0
4127.0 -6637.0 0.0
4072.0 -6680.0 110.0
3887.0 -6680.0 -932.0
3905.0 -6222.0 -845.0
4077.0 -5312.0 -937.0
3882.0 -5070.0 -830.0
3930.0 -4882.0 -865.0
3892.0 -4965.0 -932.0
3935.0 -4892.0 -910.0
3847.0 -4912.0 -905.0
3900.0 -4665.0 -860.0
3900.0 -5100.0 -917.0
3862.0 -5142.0 -772.0
3730.0 -5547.0 -672.0
3817.0 -5522.0 -697.0
3915.0 -5505.0 -900.0
4035.0 -5485.0 -927.0
3905.0 -5510.0 -917.0
3925.0 -5577.0 -977.0
3980.0 -5392.0 -850.0
3817.0 -5375.0 -790.0
4050.0 -5437.0 -890.0
3925.0 -5465.0 -890.0
4102.0 -5465.0 -992.0
3950.0 -5442.0 -932.0
4157.0 -5505.0 -1012.0
4062.0 -5412.0 -972.0
3842.0 -5542.0 -905.0
3710.0 -5475.0 -785.0
3910.0 -5442.0 -880.0
3852.0 -5412.0 -825.0
3782.0 -5442.0 -830.0
4072.0 -5447.0 -972.0
3930.0 -5460.0 -905.0
4082.0 -5465.0 -895.0
3940.0 -5505.0 -922.0
4082.0 -5515.0 -967.0
3925.0 -5427.0 -875.0
4077.0 -5480.0 -942.0
3905.0 -5532.0 -860.0
4117.0 -5542.0 -962.0
4705.0 -5402.0 -402.0
3802.0 -4477.0 -870.0
4035.0 -3822.0 -987.0
3882.0 -3890.0 -1002.0
3960.0 -4597.0 -1022.0
4040.0 -4602.0 -1050.0
4217.0 -4727.0 -1022.0
4102.0 -4072.0 -987.0
4025.0 -3432.0 -1140.0
3837.0 -3380.0 -952.0
4000.0 -3870.0 -1105.0
3945.0 -3942.0 -977.0
3925.0 -4140.0 -1022.0
3872.0 -4050.0 -942.0
3882.0 -4102.0 -1037.0
3842.0 -4030.0 -962.0
3940.0 -4005.0 -1032.0
3980.0 -4010.0 -1017.0
4050.0 -4050.0 -1155.0
3837.0 -3942.0 -917.0
3925.0 -4087.0 -1165.0
3837.0 -4025.0 -1022.0
3772.0 -4050.0 -1045.0
3772.0 -3900.0 -932.0
3787.0 -3920.0 -952.0
3827.0 -3847.0 -932.0
3892.0 -3972.0 -1007.0
4000.0 -3927.0 -1022.0
3882.0 -3927.0 -1012.0
4000.0 -3972.0 -1050.0
3930.0 -3962.0 -982.0
4107.0 -3920.0 -1105.0
3935.0 -3982.0 -1065.0
4077.0 -4010.0 -1115.0
3985.0 -3967.0 -1032.0
4152.0 -3982.0 -1095.0
3872.0 -3957.0 -952.0
4122.0 -4045.0 -1110.0
4005.0 -3990.0 -1017.0
3960.0 -3942.0 -1002.0
4035.0 -3895.0 -982.0
4062.0 -3852.0 -987.0
3925.0 -3947.0 -937.0
4040.0 -3875.0 -982.0
3935.0 -3842.0 -937.0
3990.0 -3807.0 -992.0
3925.0 -3905.0 -1007.0
3995.0 -3860.0 -1002.0
3920.0 -3910.0 -952.0
4030.0 -3920.0 -1045.0
3782.0 -3152.0 -1182.0
3752.0 -2732.0 -1065.0
3852.0 -2675.0 -1100.0
4082.0 -3142.0 -1130.0
3630.0 -2617.0 -875.0
3567.0 -2112.0 -910.0
3680.0 -2320.0 -1032.0
3532.0 -2467.0 -1090.0
3552.0 -2430.0 -1002.0
3562.0 -2315.0 -870.0
3630.0 -2310.0 -937.0
3807.0 -2387.0 -1012.0
3635.0 -2315.0 -880.0
3615.0 -2222.0 -982.0
3857.0 -2270.0 -1017.0
3630.0 -2257.0 -895.0
3690.0 -2275.0 -1007.0
3757.0 -2295.0 -1017.0
3725.0 -2242.0 -982.0
3797.0 -2227.0 -972.0
3645.0 -2280.0 -992.0
3725.0 -2320.0 -987.0
3585.0 -2247.0 -825.0
3620.0 -2242.0 -905.0
3792.0 -2290.0 -962.0
3660.0 -2295.0 -932.0
3630.0 -2275.0 -785.0
3685.0 -2290.0 -1022.0
3877.0 -2320.0 -1022.0
3640.0 -2232.0 -860.0
3705.0 -2315.0 -942.0
3762.0 -2232.0 -957.0
3685.0 -2295.0 -932.0
3610.0 -2257.0 -905.0
3710.0 -2202.0 -865.0
3710.0 -2237.0 -865.0
3757.0 -2352.0 -1002.0
3842.0 -2232.0 -1012.0
3787.0 -2290.0 -992.0
3710.0 -2337.0 -992.0
3630.0 -2202.0 -835.0
3747.0 -2275.0 -917.0
3857.0 -2337.0 -977.0
3625.0 -2257.0 -875.0
3675.0 -2295.0 -982.0
3867.0 -2305.0 -1037.0
3772.0 -2290.0 -895.0
3807.0 -2227.0 -962.0
3695.0 -2270.0 -900.0
3872.0 -2315.0 -1050.0
3452.0 -1880.0 -1090.0
3122.0 -1187.0 -1070.0
3172.0 -1260.0 -1070.0
3807.0 -2197.0 -977.0
3935.0 -2257.0 -992.0
3882.0 -2227.0 -917.0
3915.0 -2222.0 -1095.0
3675.0 -2067.0 -1022.0
3472.0 -1770.0 -932.0
3462.0 -1697.0 -972.0
3650.0 -1702.0 -987.0
3605.0 -1702.0 -977.0
3537.0 -1785.0 -1115.0
3585.0 -1707.0 -1022.0
3412.0 -1677.0 -967.0
3547.0 -1802.0 -1045.0
3497.0 -1687.0 -910.0
3552.0 -1717.0 -1022.0
3620.0 -1837.0 -1080.0
3422.0 -1740.0 -962.0
3487.0 -1740.0 -1085.0
3665.0 -1730.0 -1060.0
3532.0 -1775.0 -1027.0
3462.0 -1760.0 -992.0
3457.0 -1707.0 -932.0
3557.0 -1797.0 -1027.0
3542.0 -1780.0 -1065.0
3575.0 -1717.0 -937.0
3552.0 -1740.0 -1075.0
3650.0 -1780.0 -1050.0
3442.0 -1730.0 -987.0
3422.0 -1730.0 -937.0
3537.0 -1697.0 -927.0
3467.0 -1750.0 -967.0
3467.0 -1802.0 -1032.0
3625.0 -1717.0 -1055.0
3615.0 -1712.0 -1065.0
3705.0 -1697.0 -1140.0
3567.0 -1667.0 -982.0
3527.0 -1702.0 -1017.0
3532.0 -1655.0 -977.0
3595.0 -1655.0 -1032.0
3645.0 -1682.0 -1125.0
3655.0 -1605.0 -1060.0
3532.0 -1655.0 -1012.0
3432.0 -1610.0 -942.0
3620.0 -1662.0 -1070.0
3275.0 -1635.0 -785.0
3375.0 -1577.0 -895.0
3547.0 -1672.0 -1002.0
2925.0 -517.0 -1080.0
3207.0 -902.0 -1037.0
3087.0 -690.0 -1032.0
2995.0 -550.0 -1100.0
3167.0 -927.0 -1085.0
3285.0 -1057.0 -1115.0
3212.0 -1167.0 -1037.0
3487.0 -1250.0 -1060.0
3385.0 -1125.0 -1115.0
3182.0 -1132.0 -1125.0
3217.0 -1032.0 -967.0
3242.0 -1115.0 -1017.0
3315.0 -1100.0 -1060.0
3152.0 -1065.0 -987.0
3250.0 -1075.0 -1075.0
3345.0 -1047.0 -1197.0
3242.0 -1090.0 -1100.0
3217.0 -1167.0 -1155.0
3097.0 -1075.0 -1070.0
3222.0 -1172.0 -1170.0
3315.0 -1095.0 -1140.0
3222.0 -1125.0 -1090.0
3360.0 -1167.0 -1170.0
3152.0 -1057.0 -1070.0
3182.0 -1105.0 -1110.0
3370.0 -1080.0 -1135.0
3242.0 -1125.0 -1135.0
3295.0 -1167.0 -1182.0
3427.0 -1120.0 -1192.0
3345.0 -1200.0 -1277.0
3182.0 -1100.0 -1017.0
3075.0 -1100.0 -962.0
3197.0 -1132.0 -1095.0
3157.0 -1137.0 -952.0
3232.0 -1100.0 -1012.0
3080.0 -1002.0 -875.0
3112.0 -1105.0 -1012.0
3172.0 -1095.0 -1037.0
3127.0 -1125.0 -1105.0
3370.0 -1147.0 -1170.0
3237.0 -1090.0 -1060.0
3325.0 -1110.0 -1155.0
3222.0 -1070.0 -1032.0
3207.0 -1152.0 -1150.0
3222.0 -1070.0 -1037.0
3132.0 -1115.0 -1120.0
3265.0 -1085.0 -1055.0
3330.0 -1115.0 -1105.0
3452.0 -1125.0 -1160.0
3212.0 -1090.0 -1060.0
2725.0 -207.0 -1182.0
2930.0 -352.0 -1065.0
2767.0 -315.0 -1022.0
3010.0 -450.0 -1060.0
2852.0 -455.0 -942.0
2832.0 -497.0 -1060.0
2817.0 -430.0 -1135.0
2792.0 -455.0 -1115.0
2897.0 -425.0 -1207.0
2797.0 -440.0 -1130.0
2945.0 -492.0 -1292.0
2842.0 -367.0 -1110.0
2842.0 -285.0 -1160.0
2792.0 -247.0 -1065.0
2847.0 -352.0 -1177.0
2907.0 -382.0 -1257.0
2842.0 -332.0 -1125.0
2872.0 -367.0 -1222.0
2797.0 -257.0 -1125.0
2792.0 -315.0 -1170.0
3055.0 -362.0 -1305.0
2917.0 -362.0 -1262.0
2777.0 -367.0 -1182.0
2745.0 -300.0 -1095.0
2802.0 -332.0 -1217.0
2975.0 -342.0 -1252.0
2725.0 -310.0 -1135.0
2787.0 -342.0 -1120.0
2912.0 -290.0 -1145.0
2827.0 -310.0 -1192.0
2787.0 -420.0 -1297.0
2730.0 -347.0 -1125.0
2832.0 -310.0 -1177.0
2802.0 -212.0 -1177.0
2792.0 -280.0 -1257.0
2842.0 -357.0 -1192.0
2892.0 -285.0 -1115.0
2862.0 -262.0 -1207.0
2930.0 -290.0 -1212.0
2817.0 -237.0 -1135.0
2797.0 -392.0 -1277.0
2740.0 -342.0 -1125.0
2837.0 -332.0 -1187.0
2902.0 -262.0 -1095.0
2777.0 -305.0 -1105.0
2792.0 -382.0 -1165.0
2842.0 -280.0 -1145.0
2817.0 -337.0 -1217.0
2995.0 -342.0 -1242.0
2857.0 -310.0 -1085.0
