2995.0 477.0 9792.0
2990.0 482.0 9837.0
2940.0 445.0 9735.0
2852.0 460.0 9792.0
3102.0 507.0 9867.0
3035.0 487.0 9770.0
2945.0 512.0 9867.0
3087.0 517.0 9862.0
2782.0 472.0 9812.0
2975.0 507.0 9812.0
2965.0 482.0 9827.0
2930.0 507.0 9837.0
2985.0 435.0 9837.0
2892.0 492.0 9822.0
2897.0 460.0 9775.0
3117.0 372.0 9740.0
2960.0 512.0 9852.0
2975.0 445.0 9705.0
2975.0 487.0 9807.0
3010.0 492.0 9787.0
3075.0 482.0 9837.0
2917.0 492.0 9775.0
2832.0 450.0 9797.0
3035.0 425.0 9750.0
2847.0 487.0 9787.0
2837.0 445.0 9750.0
2902.0 502.0 9965.0
3060.0 347.0 9827.0
2867.0 460.0 10045.0
2970.0 305.0 9877.0
3020.0 352.0 9842.0
2852.0 472.0 9925.0
2700.0 440.0 10020.0
2940.0 387.0 9852.0
2822.0 487.0 9945.0
3035.0 362.0 9862.0
3015.0 290.0 9857.0
2730.0 382.0 9950.0
3000.0 400.0 9980.0
3075.0 342.0 9802.0
2827.0 400.0 9980.0
2837.0 352.0 9812.0
2807.0 357.0 9807.0
2917.0 357.0 9832.0
2990.0 315.0 9872.0
3092.0 357.0 9882.0
3000.0 280.0 9817.0
3137.0 257.0 9832.0
2940.0 405.0 9975.0
3187.0 300.0 9847.0
2797.0 715.0 9872.0
2897.0 637.0 9775.0
2862.0 860.0 10097.0
3040.0 595.0 9877.0
2690.0 657.0 10052.0
2685.0 590.0 9912.0
2787.0 695.0 9847.0
2787.0 725.0 10000.0
2940.0 555.0 9940.0
2817.0 497.0 9882.0
2852.0 565.0 9827.0
2817.0 685.0 10010.0
2782.0 555.0 9990.0
2925.0 580.0 9950.0
2867.0 607.0 9897.0
2792.0 517.0 9827.0
2912.0 565.0 9857.0
2897.0 590.0 9930.0
2690.0 632.0 10015.0
2792.0 517.0 9950.0
2902.0 575.0 9892.0
2762.0 585.0 9907.0
2892.0 642.0 9892.0
2777.0 607.0 9965.0
2715.0 527.0 9907.0
2917.0 665.0 9935.0
2867.0 595.0 9907.0
2995.0 575.0 9837.0
2935.0 535.0 9832.0
2750.0 590.0 9935.0
2725.0 700.0 10020.0
2837.0 522.0 9867.0
2817.0 527.0 9995.0
2822.0 642.0 9980.0
3075.0 560.0 9780.0
2750.0 617.0 10020.0
2950.0 560.0 9950.0
2892.0 550.0 9852.0
2852.0 622.0 9930.0
2950.0 575.0 9837.0
2660.0 575.0 10052.0
2755.0 647.0 9995.0
2930.0 535.0 9847.0
2720.0 545.0 9985.0
2827.0 555.0 9867.0
2782.0 565.0 9892.0
2797.0 612.0 9975.0
2842.0 540.0 9897.0
2745.0 527.0 9837.0
2755.0 555.0 9892.0
2350.0 1260.0 9852.0
2512.0 1125.0 9760.0
2430.0 1245.0 9792.0
2477.0 1182.0 9725.0
2390.0 1090.0 9735.0
2562.0 1120.0 9690.0
2452.0 1022.0 9602.0
2572.0 1225.0 9832.0
2452.0 1142.0 9700.0
2370.0 1302.0 9822.0
2735.0 1047.0 9685.0
2442.0 1187.0 9872.0
2487.0 1255.0 9827.0
2425.0 1162.0 9817.0
2395.0 1167.0 9877.0
2365.0 1120.0 9690.0
2365.0 1120.0 9725.0
2437.0 1120.0 9715.0
2375.0 1220.0 9760.0
2275.0 1200.0 9760.0
2482.0 1070.0 9642.0
2537.0 1090.0 9637.0
2227.0 1215.0 9935.0
2462.0 1137.0 9807.0
2350.0 1260.0 9897.0
2315.0 1137.0 9617.0
2420.0 1220.0 9817.0
2430.0 1142.0 9792.0
2285.0 1177.0 9877.0
2420.0 1100.0 9725.0
2355.0 1200.0 9877.0
2420.0 1110.0 9755.0
2600.0 1162.0 9730.0
2492.0 1132.0 9827.0
2497.0 1152.0 9725.0
2330.0 1152.0 9720.0
2385.0 1172.0 9807.0
2405.0 1110.0 9770.0
2420.0 1115.0 9622.0
2350.0 1187.0 9930.0
2350.0 1255.0 9842.0
2425.0 1177.0 9715.0
2330.0 1157.0 9725.0
2532.0 1017.0 9660.0
2447.0 1057.0 9675.0
2482.0 1172.0 9877.0
2507.0 1177.0 9837.0
2425.0 1095.0 9685.0
2447.0 1115.0 9720.0
2355.0 1090.0 9685.0
2152.0 1610.0 9647.0
2075.0 1495.0 9627.0
1912.0 1567.0 9750.0
2055.0 1475.0 9627.0
1922.0 1510.0 9765.0
2142.0 1390.0 9602.0
1980.0 1592.0 9832.0
2095.0 1542.0 9670.0
2055.0 1525.0 9700.0
2105.0 1427.0 9607.0
2112.0 1485.0 9587.0
2152.0 1510.0 9710.0
2167.0 1457.0 9627.0
2400.0 1402.0 9505.0
1985.0 1625.0 9812.0
2227.0 1577.0 9760.0
2045.0 1505.0 9725.0
2252.0 1587.0 9797.0
2187.0 1505.0 9567.0
2050.0 1592.0 9660.0
2212.0 1525.0 9740.0
2095.0 1447.0 9735.0
2167.0 1562.0 9760.0
2157.0 1442.0 9660.0
2212.0 1452.0 9750.0
2472.0 1542.0 9755.0
2335.0 1547.0 9730.0
2035.0 1582.0 9832.0
2147.0 1625.0 9832.0
2355.0 1470.0 9685.0
2182.0 1525.0 9730.0
2167.0 1355.0 9710.0
2095.0 1417.0 9700.0
2267.0 1500.0 9735.0
2100.0 1635.0 9797.0
2060.0 1567.0 9807.0
2075.0 1475.0 9705.0
2025.0 1465.0 9787.0
2040.0 1495.0 9705.0
2212.0 1452.0 9730.0
2085.0 1525.0 9715.0
2320.0 1500.0 9745.0
2020.0 1447.0 9807.0
2217.0 1427.0 9665.0
2257.0 1542.0 9817.0
2320.0 1447.0 9582.0
2095.0 1505.0 9725.0
2040.0 1582.0 9827.0
2000.0 1557.0 9780.0
2020.0 1577.0 9700.0
1730.0 1932.0 9577.0
1660.0 1932.0 9567.0
1817.0 1822.0 9425.0
1807.0 1895.0 9505.0
1655.0 1932.0 9602.0
1670.0 1802.0 9495.0
1857.0 1870.0 9465.0
1705.0 1817.0 9515.0
1665.0 1817.0 9465.0
1847.0 1870.0 9470.0
1695.0 1807.0 9485.0
1725.0 1790.0 9515.0
1612.0 1905.0 9587.0
1705.0 1910.0 9547.0
1802.0 1785.0 9490.0
1635.0 1842.0 9505.0
1822.0 1807.0 9455.0
1645.0 1885.0 9647.0
1862.0 1842.0 9495.0
1705.0 1837.0 9527.0
1650.0 1842.0 9435.0
1665.0 1745.0 9332.0
1740.0 1847.0 9527.0
1597.0 1890.0 9602.0
1655.0 1885.0 9562.0
1665.0 1837.0 9475.0
1755.0 1915.0 9577.0
1705.0 1790.0 9440.0
1912.0 1837.0 9485.0
1645.0 1880.0 9495.0
1822.0 1852.0 9415.0
1592.0 1847.0 9537.0
1582.0 1822.0 9567.0
1640.0 1857.0 9567.0
1660.0 1880.0 9527.0
1822.0 1822.0 9430.0
1685.0 1977.0 9617.0
1822.0 1807.0 9430.0
1690.0 1842.0 9500.0
1630.0 1857.0 9577.0
1650.0 1857.0 9527.0
1592.0 1812.0 9567.0
1602.0 1890.0 9537.0
1770.0 1822.0 9500.0
1932.0 1765.0 9475.0
1710.0 1807.0 9465.0
1685.0 1937.0 9602.0
1775.0 1832.0 9552.0
1690.0 1952.0 9612.0
1755.0 1875.0 9515.0
1320.0 2055.0 9552.0
1630.0 1977.0 9592.0
1592.0 1915.0 9622.0
1572.0 1957.0 9685.0
1625.0 1937.0 9675.0
1502.0 1920.0 9622.0
1597.0 1962.0 9705.0
1597.0 1977.0 9587.0
1577.0 1885.0 9552.0
1532.0 1857.0 9547.0
1547.0 1952.0 9680.0
1572.0 1937.0 9567.0
1482.0 2067.0 9775.0
1582.0 1890.0 9532.0
1482.0 1900.0 9532.0
1572.0 1972.0 9607.0
1577.0 2720.0 8725.0
1690.0 2580.0 8685.0
1577.0 2602.0 8710.0
1760.0 2632.0 8695.0
1705.0 2585.0 8625.0
1612.0 2680.0 8772.0
1675.0 2690.0 8782.0
1607.0 2580.0 8670.0
1867.0 2507.0 8607.0
1640.0 2705.0 8862.0
1542.0 2670.0 8715.0
1730.0 2512.0 8607.0
1715.0 2517.0 8685.0
1792.0 2570.0 8615.0
1635.0 2570.0 8772.0
1740.0 2530.0 8645.0
1630.0 2535.0 8680.0
1832.0 2477.0 8670.0
1567.0 2660.0 8842.0
1745.0 2590.0 8655.0
1572.0 2560.0 8747.0
1872.0 2415.0 8572.0
1607.0 2597.0 8817.0
1655.0 2575.0 8752.0
1705.0 2535.0 8695.0
1735.0 2477.0 8615.0
1797.0 2580.0 8700.0
1577.0 2680.0 8827.0
1675.0 2535.0 8655.0
1852.0 2467.0 8567.0
1827.0 2482.0 8527.0
1857.0 2455.0 8597.0
1645.0 2597.0 8812.0
1650.0 2612.0 8762.0
887.0 2395.0 9500.0
882.0 2342.0 9505.0
980.0 2445.0 9532.0
947.0 2362.0 9455.0
975.0 2377.0 9465.0
1025.0 2415.0 9527.0
872.0 2320.0 9470.0
1100.0 2237.0 9357.0
897.0 2435.0 9532.0
872.0 2337.0 9450.0
967.0 2300.0 9440.0
872.0 2327.0 9450.0
907.0 2400.0 9532.0
1120.0 2332.0 9445.0
877.0 2320.0 9460.0
937.0 2285.0 9377.0
1000.0 2362.0 9480.0
995.0 2300.0 9410.0
947.0 2327.0 9455.0
842.0 2305.0 9527.0
975.0 2420.0 9475.0
975.0 2300.0 9392.0
892.0 2435.0 9527.0
980.0 2280.0 9400.0
882.0 2372.0 9480.0
907.0 2425.0 9510.0
942.0 2347.0 9460.0
872.0 2372.0 9532.0
917.0 2362.0 9495.0
1025.0 2367.0 9485.0
902.0 2420.0 9537.0
917.0 2362.0 9495.0
932.0 2367.0 9490.0
990.0 2382.0 9475.0
917.0 2425.0 9505.0
902.0 2337.0 9465.0
990.0 2320.0 9470.0
1005.0 2315.0 9420.0
1120.0 2372.0 9455.0
975.0 2377.0 9547.0
1035.0 2252.0 9450.0
1055.0 2362.0 9495.0
1045.0 2190.0 9405.0
1125.0 2265.0 9415.0
922.0 2435.0 9475.0
1020.0 2310.0 9460.0
995.0 2300.0 9490.0
947.0 2395.0 9537.0
937.0 2372.0 9520.0
1090.0 2290.0 9430.0
725.0 2477.0 9582.0
847.0 2435.0 9445.0
685.0 2425.0 9642.0
730.0 2497.0 9665.0
725.0 2445.0 9700.0
800.0 2300.0 9485.0
700.0 2550.0 9745.0
892.0 2462.0 9562.0
660.0 2535.0 9705.0
785.0 2482.0 9612.0
775.0 2415.0 9505.0
705.0 2327.0 9490.0
680.0 2405.0 9527.0
817.0 2327.0 9515.0
680.0 2382.0 9577.0
765.0 2467.0 9577.0
800.0 2455.0 9470.0
852.0 2487.0 9490.0
780.0 2445.0 9587.0
775.0 2405.0 9527.0
705.0 2415.0 9607.0
897.0 2477.0 9567.0
755.0 2450.0 9587.0
800.0 2382.0 9480.0
750.0 2410.0 9495.0
650.0 2487.0 9665.0
740.0 2535.0 9597.0
765.0 2382.0 9542.0
790.0 2342.0 9495.0
817.0 2445.0 9587.0
740.0 2440.0 9582.0
715.0 2377.0 9572.0
700.0 2300.0 9567.0
730.0 2477.0 9552.0
700.0 2450.0 9520.0
685.0 2487.0 9627.0
837.0 2410.0 9527.0
690.0 2482.0 9557.0
745.0 2377.0 9475.0
765.0 2472.0 9547.0
650.0 2580.0 9665.0
775.0 2425.0 9520.0
655.0 2497.0 9622.0
642.0 2440.0 9602.0
822.0 2430.0 9475.0
685.0 2450.0 9567.0
607.0 2545.0 9612.0
775.0 2477.0 9532.0
602.0 2530.0 9700.0
852.0 2450.0 9490.0
30.0 3255.0 8757.0
202.0 3177.0 8710.0
222.0 3120.0 8620.0
207.0 3200.0 8730.0
307.0 3090.0 8547.0
227.0 3157.0 8587.0
460.0 3002.0 8487.0
177.0 3127.0 8625.0
312.0 3105.0 8630.0
227.0 3120.0 8655.0
487.0 3085.0 8522.0
177.0 3195.0 8797.0
232.0 3210.0 8730.0
202.0 3182.0 8660.0
197.0 3127.0 8685.0
425.0 3100.0 8597.0
480.0 3225.0 8650.0
267.0 3255.0 8700.0
162.0 3195.0 8740.0
167.0 3157.0 8602.0
272.0 3100.0 8675.0
135.0 3120.0 8680.0
242.0 3137.0 8640.0
415.0 3100.0 8630.0
430.0 3100.0 8607.0
247.0 3235.0 8715.0
192.0 3132.0 8690.0
155.0 3100.0 8690.0
345.0 3110.0 8592.0
80.0 3267.0 8752.0
257.0 3220.0 8640.0
340.0 3167.0 8615.0
445.0 3090.0 8572.0
340.0 3152.0 8650.0
380.0 3095.0 8685.0
187.0 3147.0 8625.0
312.0 3047.0 8512.0
237.0 3245.0 8740.0
272.0 3250.0 8730.0
375.0 3142.0 8567.0
212.0 3142.0 8680.0
135.0 3177.0 8655.0
252.0 3105.0 8582.0
262.0 3182.0 8655.0
192.0 3187.0 8715.0
277.0 3132.0 8620.0
150.0 3182.0 8630.0
292.0 3250.0 8620.0
355.0 3182.0 8690.0
460.0 3120.0 8547.0
-517.0 3230.0 8597.0
-475.0 3230.0 8720.0
-497.0 3230.0 8710.0
-450.0 3205.0 8640.0
-455.0 3302.0 8665.0
-340.0 3262.0 8607.0
-425.0 3235.0 8645.0
-522.0 3277.0 8695.0
-480.0 3330.0 8695.0
-355.0 3187.0 8615.0
-542.0 3230.0 8615.0
-330.0 3177.0 8640.0
-385.0 3262.0 8630.0
-537.0 3370.0 8705.0
-502.0 3380.0 8680.0
-487.0 3307.0 8747.0
-455.0 3205.0 8695.0
-475.0 3360.0 8797.0
-460.0 3317.0 8730.0
-237.0 3200.0 8542.0
-502.0 3345.0 8735.0
-237.0 3110.0 8542.0
-292.0 3307.0 8640.0
-420.0 3225.0 8527.0
-425.0 3325.0 8685.0
-365.0 3172.0 8597.0
-307.0 3302.0 8705.0
-115.0 3210.0 8552.0
-465.0 3312.0 8740.0
-400.0 3325.0 8757.0
-420.0 3172.0 8650.0
-425.0 3220.0 8690.0
-475.0 3255.0 8725.0
-450.0 3230.0 8615.0
-145.0 3250.0 8567.0
-262.0 3225.0 8615.0
-365.0 3240.0 8630.0
-420.0 3262.0 8655.0
-460.0 3235.0 8655.0
-350.0 3167.0 8502.0
-502.0 3302.0 8777.0
-465.0 3287.0 8640.0
-475.0 3282.0 8720.0
-207.0 3187.0 8592.0
-405.0 3262.0 8675.0
-405.0 3215.0 8607.0
-435.0 3325.0 8715.0
-512.0 3230.0 8685.0
-460.0 3255.0 8645.0
-237.0 3115.0 8572.0
-942.0 3272.0 8690.0
-800.0 3312.0 8670.0
-892.0 3350.0 8670.0
-822.0 3187.0 8582.0
-795.0 3182.0 8645.0
-745.0 3147.0 8572.0
-912.0 3330.0 8700.0
-710.0 3187.0 8587.0
-1030.0 3340.0 8817.0
-710.0 3205.0 8577.0
-1030.0 3307.0 8802.0
-800.0 3385.0 8695.0
-937.0 3307.0 8735.0
-862.0 3297.0 8665.0
-827.0 3172.0 8542.0
-975.0 3375.0 8847.0
-892.0 3172.0 8675.0
-812.0 3307.0 8735.0
-750.0 3235.0 8587.0
-780.0 3277.0 8645.0
-907.0 3292.0 8680.0
-912.0 3355.0 8747.0
-907.0 3292.0 8725.0
-740.0 3262.0 8587.0
-800.0 3240.0 8547.0
-805.0 3292.0 8640.0
-980.0 3297.0 8700.0
-790.0 3225.0 8625.0
-882.0 3245.0 8630.0
-735.0 3250.0 8597.0
-990.0 3380.0 8777.0
-780.0 3302.0 8587.0
-867.0 3292.0 8730.0
-765.0 3167.0 8660.0
-912.0 3370.0 8757.0
-790.0 3167.0 8552.0
-607.0 3262.0 8592.0
-857.0 3255.0 8670.0
-617.0 3110.0 8537.0
-872.0 3225.0 8635.0
-857.0 3220.0 8557.0
-922.0 3355.0 8625.0
-902.0 3230.0 8640.0
-770.0 3225.0 8577.0
-962.0 3200.0 8582.0
-780.0 3182.0 8602.0
-842.0 3245.0 8665.0
-1000.0 3307.0 8792.0
-872.0 3340.0 8660.0
-822.0 3330.0 8720.0
-1745.0 3090.0 8562.0
-1630.0 3152.0 8772.0
-1532.0 3147.0 8655.0
-1715.0 3312.0 8787.0
-1380.0 3095.0 8455.0
-1567.0 3272.0 8710.0
-1477.0 3137.0 8577.0
-1725.0 3277.0 8812.0
-1445.0 3157.0 8587.0
-1745.0 3340.0 8827.0
-1695.0 3350.0 8842.0
-1577.0 3177.0 8670.0
-1557.0 3162.0 8620.0
-1635.0 3210.0 8705.0
-1680.0 3250.0 8675.0
-1440.0 3105.0 8557.0
-1557.0 3132.0 8630.0
-1597.0 3282.0 8705.0
-1507.0 3167.0 8630.0
-1675.0 3195.0 8675.0
-1675.0 3147.0 8665.0
-1650.0 3210.0 8665.0
-1665.0 3230.0 8685.0
-1492.0 3137.0 8602.0
-1720.0 3172.0 8700.0
-1612.0 3287.0 8772.0
-1572.0 3080.0 8587.0
-1792.0 3302.0 8807.0
-1532.0 3220.0 8645.0
-1705.0 3182.0 8700.0
-1675.0 3162.0 8655.0
-1695.0 3215.0 8655.0
-1715.0 3172.0 8715.0
-1512.0 3177.0 8695.0
-1425.0 3172.0 8547.0
-1527.0 3115.0 8537.0
-1612.0 3262.0 8680.0
-1730.0 3230.0 8735.0
-1720.0 3205.0 8640.0
-1645.0 3292.0 8730.0
-1670.0 3272.0 8740.0
-1547.0 3187.0 8607.0
-1577.0 3245.0 8660.0
-1400.0 3120.0 8552.0
-1527.0 3047.0 8597.0
-1842.0 3240.0 8832.0
-1675.0 3267.0 8757.0
-1552.0 3230.0 8602.0
-1617.0 3230.0 8670.0
-1492.0 3187.0 8645.0
-2415.0 2985.0 8822.0
-2360.0 2907.0 8705.0
-2380.0 2965.0 8725.0
-2257.0 2940.0 8680.0
-2137.0 3042.0 8685.0
-2065.0 2930.0 8537.0
-2142.0 2935.0 8645.0
-2462.0 2975.0 8680.0
-2177.0 3012.0 8607.0
-2370.0 2970.0 8700.0
-2212.0 2845.0 8572.0
-2217.0 2975.0 8582.0
-2447.0 2935.0 8597.0
-2262.0 2945.0 8625.0
-2300.0 2907.0 8645.0
-2227.0 2907.0 8587.0
-2275.0 2945.0 8635.0
-2420.0 3007.0 8655.0
-2410.0 3047.0 8680.0
-2217.0 2935.0 8602.0
-2242.0 3002.0 8615.0
-2365.0 3012.0 8685.0
-2430.0 3047.0 8735.0
-2257.0 2955.0 8675.0
-2355.0 2872.0 8645.0
-2202.0 2917.0 8582.0
-2355.0 2980.0 8685.0
-2232.0 2897.0 8660.0
-2370.0 2945.0 8675.0
-2157.0 2922.0 8660.0
-2262.0 2940.0 8655.0
-2330.0 2930.0 8660.0
-2112.0 2782.0 8517.0
-2290.0 2902.0 8645.0
-2212.0 3022.0 8710.0
-2202.0 3032.0 8670.0
-2295.0 2945.0 8685.0
-2167.0 2922.0 8602.0
-2122.0 2892.0 8537.0
-2212.0 2902.0 8577.0
-2420.0 2992.0 8735.0
-2280.0 2980.0 8675.0
-2192.0 2950.0 8615.0
-2182.0 2850.0 8572.0
-2232.0 3002.0 8660.0
-2172.0 2922.0 8640.0
-2295.0 2945.0 8630.0
-2085.0 2882.0 8522.0
-2227.0 3052.0 8715.0
-2090.0 2912.0 8620.0
-3087.0 2652.0 8832.0
-2995.0 2622.0 8740.0
-2872.0 2720.0 8817.0
-2792.0 2602.0 8740.0
-2842.0 2675.0 8762.0
-2985.0 2732.0 8822.0
-2917.0 2747.0 8807.0
-3005.0 2695.0 8802.0
-2787.0 2575.0 8675.0
-2985.0 2737.0 8857.0
-2797.0 2575.0 8660.0
-2847.0 2652.0 8740.0
-2985.0 2612.0 8720.0
-2762.0 2535.0 8615.0
-2917.0 2642.0 8747.0
-3045.0 2642.0 8740.0
-2950.0 2700.0 8700.0
-2917.0 2675.0 8752.0
-3055.0 2757.0 8862.0
-2955.0 2632.0 8762.0
-2802.0 2652.0 8675.0
-3040.0 2762.0 8847.0
-2872.0 2642.0 8675.0
-2980.0 2762.0 8700.0
-3015.0 2647.0 8747.0
-2852.0 2570.0 8670.0
-3050.0 2590.0 8767.0
-2877.0 2607.0 8670.0
-2872.0 2680.0 8747.0
-2655.0 2522.0 8625.0
-3050.0 2772.0 8740.0
-3035.0 2665.0 8670.0
-2902.0 2612.0 8735.0
-3035.0 2652.0 8782.0
-2970.0 2647.0 8747.0
-2930.0 2607.0 8705.0
-2917.0 2642.0 8655.0
-2935.0 2637.0 8710.0
-3075.0 2782.0 8925.0
-2940.0 2647.0 8752.0
-2975.0 2685.0 8807.0
-3000.0 2627.0 8757.0
-2847.0 2642.0 8680.0
-2995.0 2612.0 8757.0
-2777.0 2607.0 8710.0
-3092.0 2810.0 8905.0
-2787.0 2695.0 8827.0
-3000.0 2757.0 8857.0
-2872.0 2597.0 8715.0
-3152.0 2690.0 8970.0
-3640.0 2280.0 8895.0
-3562.0 2257.0 8767.0
-3427.0 2290.0 8867.0
-3310.0 2117.0 8720.0
-3532.0 2305.0 8837.0
-3537.0 2212.0 8762.0
-3715.0 2265.0 8862.0
-3477.0 2227.0 8725.0
-3615.0 2280.0 8797.0
-3375.0 2265.0 8710.0
-3645.0 2295.0 8890.0
-3512.0 2155.0 8710.0
-3502.0 2275.0 8925.0
-3422.0 2150.0 8762.0
-3432.0 2275.0 8762.0
-3605.0 2342.0 8787.0
-3492.0 2305.0 8812.0
-3600.0 2305.0 8867.0
-3335.0 2155.0 8635.0
-3580.0 2320.0 8842.0
-3305.0 2122.0 8542.0
-3390.0 2227.0 8772.0
-3610.0 2222.0 8752.0
-3350.0 2232.0 8740.0
-3552.0 2217.0 8762.0
-3355.0 2150.0 8685.0
-3575.0 2237.0 8812.0
-3427.0 2150.0 8710.0
-3462.0 2247.0 8685.0
-3315.0 2135.0 8602.0
-3635.0 2315.0 8832.0
-3482.0 2275.0 8695.0
-3532.0 2190.0 8620.0
-3477.0 2092.0 8592.0
-3477.0 2237.0 8715.0
-3567.0 2257.0 8752.0
-3507.0 2285.0 8747.0
-3605.0 2197.0 8740.0
-3542.0 2222.0 8757.0
-3422.0 2197.0 8650.0
-3660.0 2367.0 8847.0
-3477.0 2212.0 8740.0
-3472.0 2185.0 8665.0
-3250.0 2102.0 8572.0
-3507.0 2202.0 8752.0
-3385.0 2140.0 8715.0
-3625.0 2170.0 8837.0
-3417.0 2185.0 8680.0
-3472.0 2180.0 8787.0
-3300.0 2270.0 8787.0
-4072.0 1485.0 8915.0
-4212.0 1672.0 8975.0
-4310.0 1692.0 8995.0
-4122.0 1562.0 8895.0
-4157.0 1577.0 8905.0
-4270.0 1577.0 8880.0
-4117.0 1610.0 8935.0
-4217.0 1600.0 8925.0
-4172.0 1600.0 8875.0
-4040.0 1520.0 8792.0
-4245.0 1592.0 8925.0
-4082.0 1547.0 8832.0
-4082.0 1525.0 8857.0
-3852.0 1515.0 8807.0
-4050.0 1537.0 8752.0
-4162.0 1655.0 8955.0
-4005.0 1485.0 8782.0
-4217.0 1730.0 9017.0
-4097.0 1547.0 8837.0
-4035.0 1682.0 8885.0
-3862.0 1470.0 8735.0
-4062.0 1630.0 8905.0
-4045.0 1577.0 8852.0
-4225.0 1740.0 8980.0
-4062.0 1600.0 8980.0
-4055.0 1537.0 8837.0
-4087.0 1760.0 9007.0
-4240.0 1740.0 9062.0
-3940.0 1592.0 8920.0
-4245.0 1722.0 9082.0
-4050.0 1600.0 8857.0
-4040.0 1707.0 9017.0
-3847.0 1557.0 8802.0
-4030.0 1687.0 8970.0
-3995.0 1650.0 8930.0
-4280.0 1827.0 9135.0
-3960.0 1635.0 8920.0
-4270.0 1697.0 9042.0
-3945.0 1677.0 8930.0
-4162.0 1692.0 9037.0
-3965.0 1592.0 8880.0
-4202.0 1775.0 9102.0
-3985.0 1765.0 9007.0
-4197.0 1702.0 9007.0
-3945.0 1630.0 8955.0
-4245.0 1655.0 9057.0
-4127.0 1745.0 8955.0
-4225.0 1692.0 8960.0
-4015.0 1730.0 8990.0
-4030.0 1625.0 8817.0
-4380.0 845.0 8995.0
-4487.0 990.0 9102.0
-4457.0 1090.0 9032.0
-4497.0 1065.0 9012.0
-4585.0 1142.0 9160.0
-4462.0 1105.0 8990.0
-4560.0 1027.0 9027.0
-4527.0 965.0 8990.0
-4507.0 1085.0 9007.0
-4502.0 997.0 8970.0
-4492.0 1012.0 8935.0
-4315.0 1065.0 8945.0
-4320.0 950.0 8837.0
-4537.0 1100.0 9087.0
-4417.0 1032.0 9007.0
-4610.0 1037.0 8995.0
-4555.0 1120.0 9072.0
-4517.0 1075.0 9077.0
-4555.0 1057.0 9077.0
-4492.0 1022.0 9012.0
-4527.0 1042.0 9007.0
-4685.0 1022.0 8985.0
-4685.0 1132.0 9007.0
-4392.0 1017.0 8960.0
-4615.0 1017.0 8925.0
-4467.0 1162.0 9000.0
-4457.0 955.0 8945.0
-4517.0 1075.0 9180.0
-4335.0 1052.0 9017.0
-4625.0 1075.0 9122.0
-4555.0 1037.0 8960.0
-4560.0 980.0 8910.0
-4645.0 1162.0 9210.0
-4555.0 1052.0 9047.0
-4625.0 1090.0 9155.0
-4457.0 1057.0 9042.0
-4620.0 1110.0 9102.0
-4590.0 1002.0 8945.0
-4555.0 975.0 8985.0
-4537.0 1052.0 8965.0
-4580.0 1037.0 9017.0
-4665.0 1090.0 9057.0
-4565.0 1075.0 9000.0
-4422.0 985.0 8975.0
-4555.0 1042.0 9022.0
-4270.0 960.0 8915.0
-4537.0 1017.0 8955.0
-4452.0 1132.0 8990.0
-4310.0 927.0 8940.0
-4595.0 1115.0 9097.0
-4792.0 55.0 9190.0
-4965.0 145.0 9210.0
-5052.0 217.0 9200.0
-4990.0 185.0 9097.0
-4970.0 180.0 9082.0
-4837.0 170.0 9077.0
-4797.0 170.0 9037.0
-5062.0 247.0 9145.0
-5097.0 247.0 9175.0
-5030.0 242.0 9145.0
-5112.0 207.0 9107.0
-4885.0 117.0 8990.0
-4960.0 155.0 9097.0
-4950.0 262.0 9127.0
-4832.0 222.0 9067.0
-5052.0 247.0 9195.0
-5000.0 270.0 9175.0
-4880.0 160.0 9022.0
-5000.0 180.0 9077.0
-5067.0 190.0 9077.0
-5010.0 180.0 9122.0
-5092.0 155.0 9102.0
-5047.0 232.0 9082.0
-4787.0 140.0 9087.0
-4852.0 135.0 8975.0
-4975.0 247.0 9210.0
-4985.0 247.0 9200.0
-4990.0 222.0 9127.0
-5082.0 202.0 9185.0
-4990.0 227.0 9215.0
-4930.0 190.0 9122.0
-5015.0 175.0 9067.0
-5077.0 212.0 9135.0
-4925.0 227.0 9122.0
-4827.0 107.0 9047.0
-5025.0 280.0 9195.0
-5052.0 290.0 9200.0
-5025.0 207.0 9097.0
-5072.0 170.0 9127.0
-5057.0 207.0 9112.0
-5067.0 232.0 9117.0
-4817.0 117.0 9067.0
-4995.0 165.0 9067.0
-4950.0 257.0 9092.0
-4772.0 185.0 9052.0
-5030.0 257.0 9220.0
-5037.0 237.0 9175.0
-4955.0 135.0 8975.0
-4867.0 97.0 9012.0
-5057.0 127.0 9067.0
-5305.0 -622.0 9327.0
-5372.0 -565.0 9277.0
-5285.0 -512.0 9165.0
-5215.0 -555.0 9165.0
-5192.0 -580.0 9077.0
-5112.0 -450.0 9185.0
-5172.0 -507.0 9150.0
-5157.0 -617.0 9117.0
-5265.0 -535.0 9250.0
-5285.0 -477.0 9245.0
-5245.0 -507.0 9165.0
-5107.0 -527.0 9057.0
-5167.0 -477.0 9072.0
-5172.0 -487.0 9210.0
-5320.0 -352.0 9272.0
-5315.0 -555.0 9170.0
-5187.0 -590.0 9140.0
-5300.0 -602.0 9102.0
-5112.0 -555.0 9092.0
-5295.0 -425.0 9297.0
-5305.0 -430.0 9272.0
-5320.0 -517.0 9175.0
-5280.0 -472.0 9185.0
-5172.0 -575.0 9145.0
-4965.0 -675.0 8990.0
-5152.0 -502.0 9240.0
-5235.0 -467.0 9287.0
-5167.0 -560.0 9165.0
-5245.0 -477.0 9255.0
-5417.0 -482.0 9272.0
-5310.0 -502.0 9180.0
-5240.0 -455.0 9210.0
-5182.0 -497.0 9205.0
-5275.0 -540.0 9190.0
-5127.0 -637.0 9127.0
-5192.0 -550.0 9092.0
-5412.0 -455.0 9195.0
-5290.0 -377.0 9240.0
-5215.0 -550.0 9165.0
-5255.0 -617.0 9145.0
-5240.0 -527.0 9175.0
-5235.0 -575.0 9082.0
-5200.0 -575.0 9087.0
-5182.0 -477.0 9255.0
-5382.0 -362.0 9405.0
-5270.0 -487.0 9210.0
-5107.0 -602.0 9082.0
-5260.0 -595.0 9052.0
-5260.0 -555.0 9102.0
-5137.0 -455.0 9165.0
-5310.0 -1900.0 9287.0
-5377.0 -1790.0 9297.0
-5392.0 -1547.0 9317.0
-5167.0 -1610.0 9267.0
-5377.0 -1577.0 9260.0
-5355.0 -1432.0 9430.0
-5255.0 -1490.0 9282.0
-5472.0 -1475.0 9377.0
-5427.0 -1587.0 9282.0
-5422.0 -1542.0 9277.0
-5467.0 -1465.0 9440.0
-5240.0 -1542.0 9377.0
-5362.0 -1500.0 9357.0
-5412.0 -1525.0 9317.0
-5477.0 -1515.0 9377.0
-5457.0 -1582.0 9302.0
-5422.0 -1525.0 9307.0
-5250.0 -1547.0 9255.0
-5265.0 -1532.0 9372.0
-5507.0 -1397.0 9480.0
-5640.0 -1345.0 9490.0
-5512.0 -1407.0 9382.0
-5550.0 -1495.0 9347.0
-5350.0 -1577.0 9337.0
-5432.0 -1490.0 9327.0
-5412.0 -1407.0 9405.0
-5355.0 -1437.0 9357.0
-5442.0 -1515.0 9347.0
-5362.0 -1592.0 9287.0
-5482.0 -1577.0 9255.0
-5530.0 -1470.0 9425.0
-5285.0 -1452.0 9337.0
-5310.0 -1532.0 9347.0
-5540.0 -1457.0 9400.0
-5482.0 -1465.0 9420.0
-5497.0 -1520.0 9277.0
-5467.0 -1547.0 9337.0
-5320.0 -1592.0 9255.0
-5245.0 -1465.0 9302.0
-5497.0 -1412.0 9440.0
-5605.0 -1447.0 9362.0
-5565.0 -1457.0 9352.0
-5525.0 -1500.0 9322.0
-5350.0 -1587.0 9250.0
-5402.0 -1605.0 9250.0
-5417.0 -1465.0 9400.0
-5407.0 -1470.0 9382.0
-5402.0 -1525.0 9302.0
-5340.0 -1525.0 9292.0
-5407.0 -1510.0 9250.0
-5422.0 -3070.0 9515.0
-5362.0 -2940.0 9515.0
-5530.0 -2872.0 9450.0
-5432.0 -2872.0 9480.0
-5600.0 -2815.0 9617.0
-5457.0 -2862.0 9445.0
-5565.0 -2805.0 9480.0
-5310.0 -2777.0 9440.0
-5355.0 -2892.0 9392.0
-5372.0 -2945.0 9357.0
-5512.0 -2825.0 9475.0
-5615.0 -2835.0 9455.0
-5447.0 -2867.0 9435.0
-5447.0 -2757.0 9532.0
-5492.0 -2805.0 9475.0
-5457.0 -2850.0 9455.0
-5565.0 -2825.0 9500.0
-5525.0 -2752.0 9547.0
-5535.0 -2777.0 9602.0
-5437.0 -2862.0 9392.0
-5560.0 -2845.0 9445.0
-5377.0 -2877.0 9435.0
-5340.0 -2877.0 9435.0
-5492.0 -2855.0 9500.0
-5530.0 -2872.0 9505.0
-5462.0 -2850.0 9445.0
-5215.0 -2997.0 9292.0
-5507.0 -2810.0 9527.0
-5492.0 -2850.0 9495.0
-5565.0 -2835.0 9547.0
-5355.0 -2922.0 9400.0
-5335.0 -2800.0 9430.0
-5502.0 -2762.0 9567.0
-5512.0 -2820.0 9505.0
-5590.0 -2872.0 9505.0
-5397.0 -2815.0 9480.0
-5625.0 -2767.0 9537.0
-5580.0 -2830.0 9537.0
-5540.0 -2845.0 9425.0
-5590.0 -2680.0 9642.0
-5432.0 -2830.0 9537.0
-5335.0 -2855.0 9480.0
-5530.0 -2845.0 9490.0
-5492.0 -2810.0 9547.0
-5580.0 -2795.0 9587.0
-5462.0 -2855.0 9415.0
-5517.0 -2787.0 9510.0
-5320.0 -2897.0 9425.0
-5215.0 -2912.0 9372.0
-5412.0 -2907.0 9372.0
-5265.0 -4185.0 9730.0
-5260.0 -3920.0 9725.0
-5377.0 -4000.0 9807.0
-5230.0 -4000.0 9710.0
-5377.0 -3995.0 9725.0
-5280.0 -3972.0 9745.0
-5285.0 -3982.0 9867.0
-5210.0 -4010.0 9670.0
-5305.0 -4092.0 9665.0
-5157.0 -4035.0 9652.0
-5285.0 -3932.0 9802.0
-5355.0 -3972.0 9715.0
-5340.0 -4045.0 9705.0
-5172.0 -3927.0 9740.0
-5397.0 -3927.0 9792.0
-5387.0 -3895.0 9770.0
-5215.0 -3972.0 9695.0
-5372.0 -3827.0 9887.0
-5200.0 -4005.0 9685.0
-5260.0 -4035.0 9735.0
-5215.0 -4025.0 9660.0
-5210.0 -3957.0 9802.0
-5290.0 -3995.0 9745.0
-5265.0 -4005.0 9685.0
-5340.0 -3932.0 9740.0
-5157.0 -3905.0 9710.0
-5107.0 -3982.0 9695.0
-5052.0 -4050.0 9602.0
-5240.0 -4010.0 9725.0
-5087.0 -4030.0 9622.0
-5215.0 -4062.0 9602.0
-5270.0 -3967.0 9837.0
-5245.0 -4015.0 9802.0
-5210.0 -4000.0 9680.0
-5210.0 -3990.0 9617.0
-5260.0 -3947.0 9612.0
-5340.0 -4030.0 9685.0
-5310.0 -3942.0 9705.0
-5225.0 -3977.0 9735.0
-5200.0 -4097.0 9647.0
-5187.0 -4030.0 9647.0
-5057.0 -4107.0 9602.0
-5005.0 -4087.0 9622.0
-5300.0 -3967.0 9775.0
-5157.0 -4040.0 9577.0
-5320.0 -4067.0 9572.0
-5177.0 -3982.0 9710.0
-5355.0 -3842.0 9872.0
-5200.0 -3995.0 9775.0
-5122.0 -3995.0 9665.0
-4620.0 -5287.0 10010.0
-4625.0 -5257.0 9930.0
-4717.0 -5325.0 9632.0
-4732.0 -5137.0 9877.0
-4782.0 -5172.0 9877.0
-4767.0 -5287.0 9755.0
-4527.0 -5360.0 9617.0
-4807.0 -5152.0 9887.0
-4752.0 -5272.0 9700.0
-4665.0 -5307.0 9675.0
-4690.0 -5167.0 9817.0
-4797.0 -5257.0 9770.0
-4782.0 -5157.0 9872.0
-4590.0 -5230.0 9837.0
-4610.0 -5230.0 9827.0
-4732.0 -5137.0 9822.0
-4842.0 -5065.0 9877.0
-4590.0 -5250.0 9735.0
-4650.0 -5137.0 9847.0
-4645.0 -5240.0 9812.0
-4655.0 -5167.0 9802.0
-4442.0 -5250.0 9740.0
-4732.0 -5195.0 9822.0
-4660.0 -5297.0 9730.0
-4665.0 -5240.0 9760.0
-4502.0 -5262.0 9740.0
-4487.0 -5282.0 9770.0
-4787.0 -5162.0 9902.0
-4817.0 -5277.0 9807.0
-4772.0 -5240.0 9787.0
-4660.0 -5162.0 9765.0
-4502.0 -5240.0 9750.0
-4757.0 -5297.0 9787.0
-4550.0 -5177.0 9750.0
-4560.0 -5272.0 9725.0
-4722.0 -5110.0 9832.0
-4645.0 -5177.0 9755.0
-4802.0 -5210.0 9822.0
-4645.0 -5302.0 9685.0
-4852.0 -5147.0 9902.0
-4880.0 -5132.0 9897.0
-4802.0 -5127.0 9822.0
-4747.0 -5282.0 9755.0
-4565.0 -5302.0 9695.0
-4610.0 -5220.0 9822.0
-4762.0 -5182.0 9847.0
-4822.0 -5122.0 9912.0
-4600.0 -5245.0 9725.0
-4650.0 -5127.0 9882.0
-4640.0 -5205.0 9827.0
-3955.0 -6232.0 10260.0
-4040.0 -6197.0 10147.0
-3905.0 -6290.0 9985.0
-4025.0 -6072.0 10210.0
-3882.0 -6255.0 9980.0
-3975.0 -6222.0 10000.0
-3837.0 -6237.0 9920.0
-3882.0 -6170.0 10062.0
-3752.0 -6285.0 9990.0
-3872.0 -6247.0 9955.0
-3782.0 -6165.0 10020.0
-3737.0 -6242.0 9965.0
-3842.0 -6197.0 10045.0
-3710.0 -6175.0 10030.0
-3965.0 -6155.0 9985.0
-3837.0 -6197.0 9960.0
-3862.0 -6275.0 9960.0
-3887.0 -6222.0 10020.0
-3757.0 -6237.0 9920.0
-3915.0 -6270.0 9965.0
-3600.0 -6187.0 9965.0
-3782.0 -6232.0 9877.0
-3950.0 -6197.0 9930.0
-3725.0 -6275.0 9897.0
-3955.0 -6155.0 10077.0
-3990.0 -6212.0 9985.0
-3965.0 -6197.0 10045.0
-3975.0 -6135.0 10107.0
-3955.0 -6227.0 9960.0
-3970.0 -6175.0 10000.0
-3862.0 -6237.0 9940.0
-4035.0 -6145.0 10157.0
-3995.0 -6135.0 10015.0
-4015.0 -6112.0 10035.0
-3797.0 -6317.0 9907.0
-3862.0 -6130.0 10112.0
-3970.0 -6125.0 10057.0
-3935.0 -6285.0 9935.0
-3685.0 -6317.0 9837.0
-3995.0 -6130.0 10082.0
-3975.0 -6222.0 10005.0
-4072.0 -6237.0 10020.0
-3857.0 -6227.0 9950.0
-4112.0 -6102.0 10152.0
-3925.0 -6202.0 10030.0
-3975.0 -6197.0 10020.0
-3817.0 -6275.0 9940.0
-3877.0 -6150.0 10082.0
-3792.0 -6270.0 9970.0
-3940.0 -6227.0 10010.0
-2675.0 -7200.0 10460.0
-2710.0 -7117.0 10295.0
-2665.0 -7262.0 10195.0
-2725.0 -7032.0 10372.0
-2867.0 -6992.0 10285.0
-2940.0 -7070.0 10240.0
-2735.0 -7022.0 10200.0
-3000.0 -6965.0 10300.0
-2955.0 -6992.0 10290.0
-2832.0 -7050.0 10167.0
-2925.0 -6897.0 10382.0
-2735.0 -7060.0 10200.0
-2807.0 -7080.0 10225.0
-2710.0 -7110.0 10117.0
-2725.0 -7085.0 10167.0
-2730.0 -7080.0 10185.0
-2787.0 -7117.0 10117.0
-2635.0 -7037.0 10195.0
-2625.0 -7105.0 10117.0
-2767.0 -7050.0 10137.0
-2730.0 -6950.0 10200.0
-2705.0 -7080.0 10195.0
-2802.0 -7070.0 10210.0
-2725.0 -7122.0 10117.0
-2772.0 -7070.0 10210.0
-2650.0 -7090.0 10157.0
-2762.0 -7100.0 10132.0
-2665.0 -7042.0 10185.0
-2715.0 -7095.0 10122.0
-2720.0 -7060.0 10147.0
-2655.0 -7007.0 10190.0
-2862.0 -7037.0 10280.0
-2762.0 -7027.0 10190.0
-2902.0 -7080.0 10195.0
-2912.0 -7022.0 10280.0
-2777.0 -7075.0 10062.0
-2902.0 -7032.0 10200.0
-2700.0 -7152.0 10117.0
-2985.0 -6987.0 10305.0
-2872.0 -7100.0 10215.0
-2867.0 -7055.0 10190.0
-2735.0 -7002.0 10255.0
-2882.0 -6982.0 10240.0
-2792.0 -7070.0 10157.0
-2635.0 -7152.0 10117.0
-2745.0 -6997.0 10180.0
-2882.0 -7095.0 10147.0
-2822.0 -7037.0 10172.0
-2615.0 -7075.0 10167.0
-2745.0 -6970.0 10107.0
-1455.0 -7615.0 10357.0
-1395.0 -7595.0 10327.0
-1665.0 -7562.0 10305.0
-1522.0 -7402.0 10362.0
-1472.0 -7672.0 10162.0
-1690.0 -7465.0 10377.0
-1630.0 -7442.0 10422.0
-1635.0 -7577.0 10285.0
-1780.0 -7455.0 10422.0
-1775.0 -7505.0 10347.0
-1695.0 -7572.0 10312.0
-1775.0 -7532.0 10357.0
-1745.0 -7557.0 10402.0
-1522.0 -7610.0 10300.0
-1527.0 -7552.0 10270.0
-1832.0 -7450.0 10555.0
-1602.0 -7475.0 10450.0
-1532.0 -7577.0 10337.0
-1710.0 -7495.0 10377.0
-1670.0 -7542.0 10275.0
-1670.0 -7527.0 10317.0
-1547.0 -7562.0 10285.0
-1370.0 -7635.0 10215.0
-1730.0 -7490.0 10475.0
-1807.0 -7455.0 10465.0
-1745.0 -7485.0 10362.0
-1720.0 -7500.0 10312.0
-1507.0 -7522.0 10265.0
-1587.0 -7432.0 10357.0
-1680.0 -7495.0 10342.0
-1797.0 -7422.0 10322.0
-1617.0 -7595.0 10305.0
-1395.0 -7625.0 10255.0
-1660.0 -7465.0 10432.0
-1797.0 -7427.0 10460.0
-1730.0 -7417.0 10382.0
-1797.0 -7547.0 10352.0
-1612.0 -7600.0 10285.0
-1612.0 -7577.0 10255.0
-1710.0 -7505.0 10367.0
-1507.0 -7522.0 10332.0
-1730.0 -7480.0 10317.0
-1547.0 -7667.0 10200.0
-1760.0 -7460.0 10465.0
-1797.0 -7437.0 10402.0
-1760.0 -7427.0 10422.0
-1645.0 -7590.0 10300.0
-1507.0 -7542.0 10290.0
-1612.0 -7505.0 10357.0
-1685.0 -7470.0 10367.0
-162.0 -7500.0 10647.0
-10.0 -7620.0 10450.0
-90.0 -7572.0 10565.0
-145.0 -7470.0 10627.0
-90.0 -7577.0 10495.0
-227.0 -7537.0 10597.0
-197.0 -7522.0 10417.0
-302.0 -7605.0 10485.0
-125.0 -7630.0 10450.0
-105.0 -7595.0 10470.0
-232.0 -7552.0 10530.0
-130.0 -7547.0 10475.0
-100.0 -7505.0 10560.0
-192.0 -7630.0 10505.0
-60.0 -7620.0 10382.0
-150.0 -7577.0 10475.0
-55.0 -7672.0 10500.0
-70.0 -7662.0 10432.0
-197.0 -7677.0 10417.0
-155.0 -7677.0 10450.0
-90.0 -7657.0 10445.0
-120.0 -7577.0 10475.0
-80.0 -7590.0 10367.0
-227.0 -7647.0 10412.0
-182.0 -7577.0 10540.0
-247.0 -7620.0 10347.0
-70.0 -7667.0 10402.0
-277.0 -7677.0 10372.0
-262.0 -7640.0 10382.0
-5.0 -7750.0 10285.0
-252.0 -7677.0 10407.0
-162.0 -7600.0 10412.0
-40.0 -7682.0 10322.0
-317.0 -7595.0 10515.0
-325.0 -7625.0 10530.0
-282.0 -7610.0 10367.0
-70.0 -7630.0 10332.0
-162.0 -7687.0 10300.0
-222.0 -7682.0 10412.0
-10.0 -7672.0 10347.0
-212.0 -7682.0 10352.0
-257.0 -7615.0 10485.0
-130.0 -7585.0 10470.0
-257.0 -7625.0 10460.0
-297.0 -7647.0 10432.0
-242.0 -7630.0 10417.0
-172.0 -7682.0 10412.0
-40.0 -7770.0 10367.0
-330.0 -7715.0 10417.0
-197.0 -7630.0 10427.0
1202.0 -7167.0 10470.0
1300.0 -7375.0 10432.0
892.0 -7252.0 10402.0
1025.0 -7370.0 10352.0
812.0 -7297.0 10445.0
832.0 -7215.0 10535.0
822.0 -7245.0 10560.0
832.0 -7365.0 10427.0
842.0 -7417.0 10392.0
957.0 -7272.0 10560.0
665.0 -7172.0 10710.0
750.0 -7235.0 10535.0
947.0 -7267.0 10427.0
1177.0 -7360.0 10322.0
932.0 -7297.0 10495.0
892.0 -7360.0 10500.0
902.0 -7325.0 10445.0
1055.0 -7355.0 10445.0
852.0 -7190.0 10587.0
877.0 -7350.0 10485.0
750.0 -7287.0 10465.0
745.0 -7167.0 10647.0
867.0 -7320.0 10510.0
862.0 -7340.0 10450.0
975.0 -7307.0 10510.0
832.0 -7302.0 10510.0
907.0 -7325.0 10475.0
1000.0 -7387.0 10450.0
882.0 -7245.0 10535.0
897.0 -7335.0 10460.0
862.0 -7287.0 10470.0
942.0 -7277.0 10485.0
760.0 -7262.0 10632.0
847.0 -7230.0 10465.0
957.0 -7392.0 10417.0
852.0 -7287.0 10572.0
785.0 -7235.0 10592.0
770.0 -7292.0 10460.0
780.0 -7330.0 10445.0
1015.0 -7355.0 10407.0
1010.0 -7245.0 10530.0
847.0 -7252.0 10485.0
837.0 -7387.0 10475.0
937.0 -7407.0 10417.0
862.0 -7277.0 10582.0
872.0 -7345.0 10505.0
827.0 -7302.0 10470.0
892.0 -7245.0 10582.0
827.0 -7240.0 10632.0
902.0 -7340.0 10470.0
2222.0 -6430.0 10535.0
2300.0 -6512.0 10490.0
2275.0 -6555.0 10455.0
2045.0 -6482.0 10577.0
2242.0 -6597.0 10362.0
2095.0 -6560.0 10417.0
2152.0 -6525.0 10422.0
1922.0 -6390.0 10672.0
2157.0 -6545.0 10530.0
2065.0 -6530.0 10525.0
2030.0 -6512.0 10500.0
2090.0 -6502.0 10490.0
2100.0 -6482.0 10490.0
2100.0 -6550.0 10480.0
2167.0 -6550.0 10445.0
2305.0 -6612.0 10402.0
2212.0 -6492.0 10540.0
2112.0 -6507.0 10470.0
2065.0 -6492.0 10510.0
2142.0 -6540.0 10432.0
2162.0 -6592.0 10392.0
2075.0 -6502.0 10505.0
2237.0 -6545.0 10455.0
2055.0 -6520.0 10490.0
1942.0 -6592.0 10505.0
2050.0 -6457.0 10560.0
2055.0 -6502.0 10545.0
2192.0 -6622.0 10465.0
2030.0 -6472.0 10515.0
2182.0 -6580.0 10460.0
2232.0 -6612.0 10407.0
2147.0 -6530.0 10500.0
2207.0 -6575.0 10475.0
2172.0 -6592.0 10402.0
2182.0 -6440.0 10550.0
2262.0 -6545.0 10440.0
2152.0 -6555.0 10475.0
2300.0 -6457.0 10445.0
2045.0 -6482.0 10577.0
2080.0 -6580.0 10382.0
2000.0 -6540.0 10455.0
2045.0 -6472.0 10560.0
2040.0 -6535.0 10470.0
2025.0 -6502.0 10510.0
2137.0 -6602.0 10352.0
1995.0 -6477.0 10607.0
2167.0 -6512.0 10490.0
2085.0 -6492.0 10490.0
2207.0 -6530.0 10495.0
2222.0 -6650.0 10412.0
3045.0 -5350.0 10560.0
2935.0 -5667.0 10480.0
2610.0 -6207.0 10617.0
2375.0 -6222.0 10560.0
2395.0 -6237.0 10485.0
2400.0 -6255.0 10422.0
2457.0 -6270.0 10392.0
2467.0 -6222.0 10480.0
2532.0 -6222.0 10387.0
2425.0 -6217.0 10422.0
2582.0 -6120.0 10475.0
2685.0 -6175.0 10392.0
2572.0 -6232.0 10432.0
2360.0 -6135.0 10657.0
2380.0 -6150.0 10560.0
2492.0 -6192.0 10465.0
2385.0 -6045.0 10667.0
2320.0 -6067.0 10632.0
2492.0 -6175.0 10500.0
2355.0 -6052.0 10677.0
2315.0 -6247.0 10525.0
2542.0 -6072.0 10535.0
2340.0 -6102.0 10565.0
2390.0 -6120.0 10432.0
2582.0 -6310.0 10300.0
2385.0 -6217.0 10377.0
2410.0 -6237.0 10432.0
2567.0 -6217.0 10427.0
2472.0 -6072.0 10565.0
2350.0 -6180.0 10480.0
2437.0 -6170.0 10445.0
2700.0 -6192.0 10422.0
2330.0 -6125.0 10560.0
2477.0 -6165.0 10565.0
2572.0 -6145.0 10440.0
2467.0 -6170.0 10460.0
2350.0 -6145.0 10465.0
2285.0 -6155.0 10617.0
2380.0 -6130.0 10530.0
2527.0 -6187.0 10550.0
2405.0 -6197.0 10505.0
2415.0 -6160.0 10490.0
2380.0 -6015.0 10622.0
2310.0 -6165.0 10535.0
2557.0 -6242.0 10357.0
2375.0 -6150.0 10550.0
2452.0 -6217.0 10485.0
2600.0 -6242.0 10495.0
2385.0 -6057.0 10627.0
2425.0 -6170.0 10505.0
3365.0 -4280.0 10422.0
3472.0 -4487.0 10427.0
3522.0 -4400.0 10362.0
3350.0 -4327.0 10475.0
3320.0 -4237.0 10460.0
3442.0 -4420.0 10362.0
3670.0 -4410.0 10440.0
3482.0 -4372.0 10362.0
3375.0 -4457.0 10367.0
3295.0 -4497.0 10382.0
3380.0 -4492.0 10397.0
3422.0 -4332.0 10455.0
3340.0 -4337.0 10485.0
3280.0 -4265.0 10515.0
3207.0 -4377.0 10530.0
3462.0 -4362.0 10412.0
3227.0 -4207.0 10637.0
3310.0 -4260.0 10450.0
3610.0 -4405.0 10337.0
3610.0 -4415.0 10275.0
3360.0 -4435.0 10445.0
3497.0 -4425.0 10412.0
3532.0 -4410.0 10362.0
3305.0 -4337.0 10510.0
3275.0 -4280.0 10672.0
3417.0 -4372.0 10392.0
3462.0 -4405.0 10402.0
3330.0 -4377.0 10445.0
3192.0 -4337.0 10470.0
3330.0 -4232.0 10495.0
3390.0 -4327.0 10427.0
3412.0 -4367.0 10362.0
3390.0 -4395.0 10362.0
3452.0 -4425.0 10347.0
3315.0 -4477.0 10397.0
3487.0 -4390.0 10432.0
3472.0 -4305.0 10407.0
3212.0 -4232.0 10550.0
3212.0 -4342.0 10520.0
3285.0 -4310.0 10485.0
3290.0 -4405.0 10470.0
3537.0 -4507.0 10362.0
3487.0 -4440.0 10342.0
3330.0 -4357.0 10505.0
3390.0 -4357.0 10397.0
3300.0 -4377.0 10432.0
3547.0 -4462.0 10372.0
3255.0 -4337.0 10550.0
3390.0 -4435.0 10402.0
3457.0 -4440.0 10327.0
3575.0 -3002.0 10362.0
3547.0 -3147.0 10327.0
3575.0 -3127.0 10342.0
3772.0 -3245.0 10205.0
3595.0 -3177.0 10342.0
3700.0 -3147.0 10285.0
3827.0 -3292.0 10157.0
3610.0 -3127.0 10402.0
3725.0 -3147.0 10392.0
3497.0 -3105.0 10525.0
3675.0 -3095.0 10317.0
3620.0 -3142.0 10377.0
3690.0 -3137.0 10327.0
3680.0 -3177.0 10260.0
3685.0 -3137.0 10332.0
3547.0 -3147.0 10295.0
3422.0 -3065.0 10412.0
3635.0 -3162.0 10290.0
3635.0 -3157.0 10275.0
3552.0 -3200.0 10240.0
3462.0 -3095.0 10402.0
3517.0 -3070.0 10417.0
3640.0 -3177.0 10402.0
3620.0 -3162.0 10285.0
3527.0 -3225.0 10235.0
3400.0 -3187.0 10332.0
3567.0 -3080.0 10372.0
3725.0 -3215.0 10235.0
3427.0 -3115.0 10427.0
3730.0 -3195.0 10265.0
3547.0 -3142.0 10382.0
3487.0 -3047.0 10450.0
3590.0 -3182.0 10327.0
3610.0 -3262.0 10312.0
3615.0 -3172.0 10305.0
3782.0 -3297.0 10215.0
3715.0 -3205.0 10280.0
3532.0 -3200.0 10357.0
3477.0 -3115.0 10407.0
3532.0 -3172.0 10357.0
3670.0 -3182.0 10240.0
3595.0 -3235.0 10290.0
3650.0 -3187.0 10275.0
3547.0 -3110.0 10465.0
3715.0 -3205.0 10285.0
3507.0 -3090.0 10397.0
3547.0 -3182.0 10285.0
3725.0 -3162.0 10295.0
3695.0 -3225.0 10215.0
3710.0 -3182.0 10337.0
3585.0 -2097.0 10210.0
3605.0 -2227.0 10190.0
3655.0 -2252.0 10270.0
3575.0 -2190.0 10327.0
3725.0 -2190.0 10270.0
3527.0 -2197.0 10450.0
3640.0 -2315.0 10235.0
3822.0 -2257.0 10260.0
3567.0 -2102.0 10372.0
3650.0 -2197.0 10317.0
3615.0 -2257.0 10347.0
3725.0 -2400.0 10210.0
3730.0 -2285.0 10357.0
3802.0 -2372.0 10220.0
3720.0 -2222.0 10317.0
3552.0 -2247.0 10240.0
3640.0 -2130.0 10317.0
3580.0 -2222.0 10397.0
3747.0 -2395.0 10195.0
3462.0 -2252.0 10377.0
3837.0 -2357.0 10220.0
3720.0 -2160.0 10362.0
3737.0 -2367.0 10195.0
3590.0 -2222.0 10387.0
3660.0 -2372.0 10162.0
3747.0 -2275.0 10290.0
3725.0 -2332.0 10185.0
3792.0 -2367.0 10157.0
3610.0 -2290.0 10305.0
3852.0 -2285.0 10275.0
3462.0 -2150.0 10387.0
3675.0 -2305.0 10230.0
3670.0 -2352.0 10057.0
3905.0 -2440.0 9975.0
3665.0 -2342.0 10210.0
3747.0 -2352.0 10097.0
3670.0 -2320.0 10172.0
3600.0 -2290.0 10255.0
3585.0 -2395.0 10245.0
3680.0 -2372.0 10172.0
3645.0 -2270.0 10317.0
3585.0 -2357.0 10240.0
3730.0 -2295.0 10205.0
3585.0 -2337.0 10255.0
3757.0 -2387.0 10172.0
3575.0 -2227.0 10382.0
3690.0 -2410.0 10142.0
3762.0 -2372.0 10147.0
3517.0 -2295.0 10275.0
3772.0 -2300.0 10255.0
3762.0 -1402.0 10200.0
3645.0 -1520.0 10210.0
3452.0 -1677.0 10300.0
3502.0 -1610.0 10225.0
3417.0 -1600.0 10322.0
3615.0 -1635.0 10172.0
3552.0 -1422.0 10475.0
3640.0 -1562.0 10312.0
3620.0 -1667.0 10185.0
3542.0 -1697.0 10162.0
3585.0 -1520.0 10337.0
3742.0 -1537.0 10327.0
3610.0 -1562.0 10327.0
3867.0 -1620.0 10205.0
3462.0 -1640.0 10312.0
3635.0 -1692.0 10205.0
3685.0 -1662.0 10205.0
3567.0 -1525.0 10347.0
3705.0 -1687.0 10117.0
3502.0 -1610.0 10305.0
3660.0 -1620.0 10185.0
3532.0 -1592.0 10260.0
3792.0 -1677.0 10107.0
3457.0 -1582.0 10235.0
3752.0 -1722.0 10102.0
3557.0 -1600.0 10372.0
3737.0 -1740.0 10132.0
3507.0 -1525.0 10347.0
3605.0 -1707.0 10117.0
3715.0 -1577.0 10235.0
3920.0 -1717.0 10102.0
3575.0 -1542.0 10312.0
3710.0 -1672.0 10185.0
3405.0 -1542.0 10402.0
3522.0 -1457.0 10372.0
3645.0 -1470.0 10215.0
3482.0 -1635.0 10285.0
3720.0 -1672.0 10220.0
3547.0 -1547.0 10285.0
3650.0 -1532.0 10210.0
3762.0 -1625.0 10250.0
3557.0 -1562.0 10280.0
3585.0 -1562.0 10240.0
3517.0 -1655.0 10240.0
3547.0 -1485.0 10265.0
3562.0 -1605.0 10210.0
3690.0 -1520.0 10285.0
3720.0 -1645.0 10157.0
3527.0 -1552.0 10280.0
3625.0 -1625.0 10195.0
3412.0 -632.0 9975.0
3325.0 -787.0 10087.0
3467.0 -805.0 9935.0
3310.0 -772.0 9980.0
3340.0 -737.0 10020.0
3547.0 -887.0 9897.0
3242.0 -850.0 10052.0
3405.0 -652.0 10112.0
3537.0 -815.0 9970.0
3315.0 -642.0 10200.0
3552.0 -845.0 9960.0
3260.0 -665.0 10152.0
3492.0 -720.0 10015.0
3320.0 -690.0 10097.0
3457.0 -792.0 9902.0
3152.0 -782.0 10035.0
3562.0 -882.0 9882.0
3370.0 -715.0 10122.0
3452.0 -805.0 9940.0
3340.0 -652.0 10107.0
3595.0 -830.0 9965.0
3395.0 -762.0 10092.0
3590.0 -742.0 10057.0
3547.0 -845.0 10040.0
3232.0 -742.0 10137.0
3330.0 -752.0 10185.0
3335.0 -720.0 10122.0
3300.0 -810.0 10122.0
3557.0 -757.0 10092.0
3325.0 -695.0 10200.0
3447.0 -777.0 10082.0
3507.0 -850.0 10015.0
3705.0 -935.0 9970.0
3315.0 -762.0 10152.0
3487.0 -700.0 10137.0
3405.0 -725.0 10147.0
3395.0 -732.0 10180.0
3370.0 -867.0 10062.0
3575.0 -850.0 10087.0
3285.0 -787.0 10230.0
3375.0 -855.0 10117.0
3422.0 -980.0 10015.0
3502.0 -980.0 9975.0
3492.0 -820.0 10082.0
3265.0 -772.0 10295.0
3340.0 -825.0 10097.0
3590.0 -892.0 10000.0
3507.0 -872.0 9955.0
3482.0 -860.0 10025.0
3640.0 -975.0 10005.0
3142.0 -50.0 10072.0
3172.0 -207.0 10087.0
3142.0 -55.0 10117.0
3152.0 -127.0 10015.0
3385.0 -207.0 9872.0
3127.0 -160.0 10030.0
3330.0 -247.0 9770.0
3492.0 -207.0 9945.0
3207.0 -185.0 9920.0
3400.0 -280.0 9847.0
3212.0 -257.0 9912.0
3127.0 -290.0 9985.0
3137.0 -135.0 10092.0
3295.0 -195.0 9920.0
3137.0 -97.0 10072.0
3265.0 -150.0 10025.0
3102.0 -165.0 10097.0
3197.0 -165.0 10045.0
3167.0 -122.0 10152.0
3442.0 -222.0 9985.0
3255.0 -275.0 10052.0
3482.0 -367.0 9925.0
3177.0 -217.0 10052.0
3290.0 -212.0 9960.0
3340.0 -112.0 9950.0
3300.0 -222.0 9980.0
3250.0 -190.0 9970.0
3147.0 -87.0 10092.0
3432.0 -382.0 9822.0
3285.0 -212.0 9970.0
3320.0 -262.0 9907.0
3187.0 -92.0 10062.0
3192.0 -270.0 10040.0
3340.0 -207.0 10035.0
3350.0 -207.0 9907.0
3290.0 -92.0 10082.0
3147.0 -97.0 10097.0
3102.0 -170.0 10057.0
3050.0 -165.0 10185.0
3260.0 -207.0 10077.0
3192.0 -150.0 10102.0
3132.0 -60.0 10210.0
3255.0 -257.0 9930.0
3265.0 -295.0 9995.0
3202.0 -252.0 10040.0
3290.0 -227.0 9990.0
3142.0 -72.0 10077.0
3202.0 -237.0 10035.0
3157.0 -320.0 9902.0
3097.0 -270.0 9995.0
