2537.0 367.0 1055.0
2457.0 257.0 1090.0
2330.0 222.0 1297.0
2665.0 160.0 1105.0
2507.0 127.0 1070.0
2385.0 257.0 1292.0
2537.0 102.0 1070.0
2437.0 270.0 1212.0
2610.0 117.0 1080.0
2497.0 227.0 1145.0
2385.0 217.0 1170.0
2507.0 190.0 1150.0
2527.0 217.0 1125.0
2635.0 127.0 1007.0
2582.0 190.0 1095.0
2685.0 82.0 957.0
2655.0 145.0 1017.0
2447.0 170.0 1080.0
2462.0 285.0 1165.0
2572.0 117.0 1027.0
2497.0 212.0 1125.0
2700.0 165.0 997.0
2605.0 72.0 987.0
2600.0 232.0 1090.0
2442.0 202.0 1080.0
2487.0 227.0 1090.0
2452.0 195.0 1125.0
2615.0 87.0 1065.0
2280.0 222.0 1242.0
2650.0 117.0 1032.0
2420.0 175.0 1170.0
2700.0 97.0 982.0
2442.0 252.0 1187.0
2665.0 87.0 1012.0
2380.0 190.0 1170.0
2635.0 160.0 997.0
2437.0 212.0 1145.0
2477.0 160.0 1080.0
2532.0 145.0 1012.0
2437.0 217.0 1135.0
2665.0 25.0 947.0
2425.0 117.0 1002.0
2300.0 242.0 1135.0
2430.0 305.0 1145.0
2447.0 140.0 1060.0
2512.0 185.0 1045.0
2425.0 202.0 1145.0
2405.0 232.0 1160.0
2650.0 60.0 962.0
2430.0 175.0 1055.0
2172.0 732.0 962.0
2192.0 585.0 962.0
2075.0 670.0 1075.0
2030.0 617.0 1070.0
2085.0 652.0 1007.0
2025.0 580.0 957.0
2197.0 617.0 992.0
1980.0 565.0 1065.0
1980.0 675.0 1060.0
2162.0 612.0 942.0
2100.0 710.0 1080.0
2227.0 595.0 952.0
2020.0 632.0 1012.0
2285.0 565.0 875.0
2147.0 652.0 967.0
2127.0 652.0 967.0
2285.0 670.0 957.0
2222.0 652.0 952.0
2147.0 622.0 942.0
2122.0 665.0 927.0
2212.0 550.0 917.0
2100.0 670.0 1012.0
2105.0 602.0 947.0
2005.0 725.0 982.0
2285.0 570.0 860.0
2085.0 665.0 905.0
2152.0 637.0 952.0
1907.0 680.0 1110.0
2040.0 700.0 1085.0
2030.0 715.0 1070.0
1950.0 585.0 1045.0
2080.0 652.0 972.0
2105.0 757.0 1095.0
2212.0 622.0 952.0
2222.0 612.0 997.0
2197.0 607.0 952.0
2192.0 632.0 1045.0
2237.0 540.0 947.0
2132.0 642.0 977.0
2045.0 657.0 952.0
2117.0 590.0 947.0
2152.0 622.0 952.0
2232.0 737.0 987.0
2162.0 595.0 962.0
2262.0 607.0 977.0
2020.0 680.0 1090.0
2060.0 720.0 1050.0
2212.0 642.0 977.0
2142.0 575.0 957.0
2197.0 570.0 937.0
1837.0 997.0 900.0
1827.0 970.0 810.0
1685.0 965.0 932.0
1912.0 1012.0 910.0
1807.0 960.0 895.0
1812.0 960.0 885.0
1802.0 990.0 900.0
1710.0 907.0 992.0
1862.0 887.0 905.0
1710.0 955.0 972.0
1857.0 997.0 997.0
1745.0 927.0 987.0
1847.0 1032.0 987.0
1897.0 897.0 845.0
1812.0 917.0 1017.0
1857.0 922.0 1022.0
1852.0 945.0 992.0
1750.0 990.0 1002.0
1922.0 882.0 895.0
1760.0 945.0 1027.0
1882.0 950.0 992.0
1852.0 907.0 890.0
1822.0 935.0 1060.0
2055.0 855.0 835.0
1802.0 990.0 1045.0
1832.0 940.0 967.0
1760.0 1012.0 1095.0
1797.0 917.0 1032.0
1765.0 960.0 1045.0
1882.0 940.0 952.0
1922.0 845.0 875.0
1715.0 940.0 962.0
1802.0 985.0 972.0
1735.0 935.0 962.0
1827.0 907.0 992.0
1832.0 887.0 952.0
1780.0 960.0 982.0
1932.0 927.0 947.0
1852.0 997.0 1012.0
1867.0 1002.0 1012.0
1760.0 907.0 900.0
1852.0 950.0 997.0
1847.0 965.0 932.0
1872.0 917.0 910.0
1670.0 892.0 1012.0
1902.0 907.0 932.0
1775.0 935.0 1002.0
1917.0 940.0 917.0
1740.0 945.0 1012.0
1927.0 1012.0 977.0
1492.0 1187.0 835.0
1482.0 1192.0 997.0
1532.0 1182.0 997.0
1705.0 1075.0 890.0
1547.0 1100.0 1012.0
1567.0 1152.0 1105.0
1690.0 997.0 967.0
1740.0 1007.0 895.0
1655.0 1070.0 922.0
1745.0 1070.0 972.0
1532.0 1162.0 1105.0
1695.0 1095.0 987.0
1685.0 1047.0 917.0
1552.0 1052.0 1002.0
1542.0 1152.0 1075.0
1640.0 1037.0 932.0
1562.0 1037.0 1022.0
1655.0 1132.0 1027.0
1645.0 1132.0 972.0
1635.0 1075.0 997.0
1760.0 1027.0 942.0
1775.0 1065.0 942.0
1685.0 1110.0 1002.0
1587.0 1125.0 1085.0
1577.0 1002.0 905.0
1612.0 1032.0 900.0
1562.0 985.0 900.0
1612.0 1137.0 972.0
1497.0 1085.0 957.0
1715.0 1080.0 977.0
1710.0 1012.0 932.0
1522.0 1132.0 1080.0
1640.0 1105.0 1050.0
1517.0 1177.0 1100.0
1645.0 1075.0 1075.0
1512.0 1115.0 1080.0
1655.0 1052.0 972.0
1467.0 1110.0 1115.0
1635.0 1037.0 905.0
1635.0 1027.0 992.0
1562.0 1047.0 962.0
1552.0 1125.0 1070.0
1700.0 1047.0 957.0
1740.0 1065.0 905.0
1630.0 1162.0 1095.0
1760.0 1052.0 1012.0
1660.0 1052.0 927.0
1607.0 1137.0 1022.0
1597.0 1110.0 1032.0
1572.0 1085.0 997.0
1252.0 1287.0 1065.0
1335.0 1267.0 977.0
1237.0 1317.0 1070.0
1212.0 1407.0 942.0
1300.0 1245.0 855.0
1320.0 1340.0 947.0
1365.0 1417.0 917.0
1232.0 1385.0 972.0
1157.0 1350.0 1007.0
1237.0 1322.0 992.0
1277.0 1317.0 967.0
1300.0 1402.0 972.0
1345.0 1385.0 1007.0
1300.0 1365.0 910.0
1222.0 1302.0 890.0
1237.0 1355.0 962.0
1172.0 1340.0 997.0
1320.0 1302.0 972.0
1325.0 1302.0 927.0
1277.0 1427.0 992.0
1292.0 1442.0 1022.0
1177.0 1360.0 957.0
1232.0 1287.0 972.0
1277.0 1292.0 977.0
1237.0 1390.0 1037.0
1385.0 1277.0 997.0
1287.0 1302.0 1017.0
1137.0 1307.0 1032.0
1217.0 1340.0 987.0
1282.0 1407.0 1060.0
1450.0 1350.0 972.0
1425.0 1235.0 937.0
1207.0 1282.0 972.0
1345.0 1245.0 932.0
1385.0 1322.0 937.0
1305.0 1287.0 962.0
1197.0 1330.0 1027.0
1232.0 1297.0 942.0
1217.0 1350.0 1007.0
1120.0 1312.0 1022.0
1267.0 1292.0 972.0
1262.0 1317.0 1007.0
1272.0 1307.0 1002.0
1335.0 1330.0 1065.0
1267.0 1475.0 1155.0
1217.0 1422.0 1140.0
1430.0 1307.0 917.0
1395.0 1282.0 910.0
1292.0 1385.0 1037.0
1487.0 1370.0 942.0
980.0 1515.0 917.0
1080.0 1355.0 1007.0
1025.0 1340.0 1032.0
1045.0 1412.0 1037.0
1060.0 1370.0 1065.0
1065.0 1397.0 977.0
1065.0 1375.0 992.0
1050.0 1452.0 1002.0
957.0 1432.0 1075.0
1060.0 1510.0 977.0
1005.0 1635.0 1022.0
1075.0 1547.0 1065.0
942.0 1510.0 952.0
975.0 1475.0 932.0
1055.0 1465.0 875.0
1177.0 1470.0 830.0
1110.0 1417.0 875.0
957.0 1480.0 1002.0
1035.0 1417.0 967.0
1157.0 1437.0 937.0
1182.0 1422.0 972.0
1152.0 1465.0 937.0
1055.0 1485.0 1130.0
1035.0 1267.0 987.0
1130.0 1475.0 1160.0
917.0 1547.0 1100.0
1105.0 1485.0 932.0
1085.0 1475.0 982.0
932.0 1582.0 1100.0
937.0 1610.0 1017.0
985.0 1525.0 977.0
1015.0 1630.0 987.0
1075.0 1510.0 890.0
975.0 1552.0 942.0
1010.0 1567.0 917.0
932.0 1557.0 962.0
952.0 1552.0 1027.0
1080.0 1525.0 922.0
897.0 1520.0 987.0
917.0 1490.0 1007.0
1045.0 1572.0 1027.0
952.0 1587.0 972.0
1015.0 1500.0 860.0
937.0 1552.0 972.0
932.0 1552.0 977.0
922.0 1515.0 1037.0
892.0 1542.0 947.0
1020.0 1465.0 905.0
1065.0 1525.0 905.0
1060.0 1547.0 972.0
582.0 1562.0 1037.0
670.0 1475.0 890.0
720.0 1525.0 927.0
690.0 1532.0 777.0
690.0 1770.0 870.0
705.0 1895.0 932.0
637.0 1692.0 815.0
745.0 1722.0 830.0
842.0 1572.0 1135.0
755.0 1452.0 1065.0
882.0 1532.0 1037.0
902.0 1572.0 1022.0
852.0 1537.0 1125.0
680.0 1687.0 987.0
750.0 1667.0 962.0
715.0 1610.0 947.0
650.0 1697.0 1032.0
685.0 1572.0 937.0
837.0 1547.0 942.0
665.0 1562.0 1037.0
740.0 1615.0 982.0
822.0 1442.0 1120.0
790.0 1562.0 1055.0
790.0 1735.0 1155.0
847.0 1567.0 1022.0
882.0 1537.0 977.0
812.0 1645.0 1145.0
740.0 1582.0 1060.0
827.0 1707.0 1027.0
852.0 1552.0 1075.0
842.0 1620.0 1080.0
827.0 1577.0 1002.0
785.0 1605.0 1007.0
785.0 1760.0 1090.0
822.0 1662.0 1060.0
730.0 1630.0 1017.0
817.0 1620.0 1037.0
832.0 1635.0 1070.0
730.0 1587.0 1105.0
817.0 1620.0 1090.0
862.0 1610.0 982.0
715.0 1525.0 1017.0
847.0 1562.0 1032.0
842.0 1740.0 1140.0
780.0 1592.0 997.0
817.0 1567.0 927.0
705.0 1610.0 1060.0
832.0 1662.0 1055.0
675.0 1582.0 1075.0
832.0 1687.0 1160.0
497.0 1770.0 977.0
440.0 1817.0 1032.0
395.0 1797.0 1085.0
502.0 1702.0 890.0
350.0 1952.0 922.0
415.0 1702.0 885.0
312.0 1630.0 890.0
587.0 1615.0 1027.0
345.0 1740.0 1022.0
415.0 1630.0 917.0
475.0 1662.0 875.0
380.0 1600.0 987.0
547.0 1650.0 875.0
487.0 1760.0 942.0
400.0 1842.0 957.0
552.0 1812.0 942.0
410.0 1730.0 880.0
375.0 1967.0 1080.0
577.0 1770.0 820.0
475.0 1755.0 880.0
445.0 1817.0 905.0
502.0 1765.0 890.0
542.0 1827.0 932.0
455.0 1785.0 895.0
572.0 1832.0 850.0
480.0 1702.0 800.0
415.0 1947.0 1120.0
552.0 1797.0 905.0
562.0 1750.0 922.0
425.0 1755.0 987.0
430.0 1760.0 932.0
390.0 1812.0 905.0
582.0 1755.0 840.0
420.0 1765.0 885.0
435.0 1842.0 1002.0
617.0 1797.0 942.0
335.0 1755.0 900.0
532.0 1832.0 962.0
360.0 1790.0 900.0
527.0 1802.0 952.0
572.0 1740.0 880.0
562.0 1827.0 947.0
497.0 1785.0 875.0
572.0 1765.0 875.0
527.0 1822.0 865.0
365.0 1947.0 1070.0
537.0 1717.0 840.0
480.0 1842.0 1012.0
557.0 1655.0 917.0
365.0 1702.0 952.0
162.0 1847.0 967.0
307.0 1765.0 942.0
40.0 1822.0 952.0
125.0 1842.0 880.0
45.0 1920.0 795.0
15.0 2000.0 800.0
80.0 1925.0 880.0
85.0 1967.0 772.0
45.0 2010.0 835.0
90.0 1942.0 772.0
75.0 1890.0 810.0
75.0 1900.0 835.0
192.0 2015.0 805.0
30.0 1995.0 880.0
65.0 1890.0 830.0
25.0 1900.0 900.0
262.0 1765.0 742.0
5.0 1915.0 1002.0
155.0 1780.0 932.0
140.0 1875.0 992.0
100.0 1822.0 967.0
217.0 1817.0 895.0
162.0 1827.0 880.0
232.0 1847.0 865.0
45.0 1857.0 942.0
25.0 1967.0 1100.0
227.0 1832.0 895.0
85.0 1842.0 977.0
20.0 2005.0 1150.0
177.0 1812.0 922.0
182.0 1807.0 927.0
30.0 1920.0 1027.0
155.0 1735.0 855.0
115.0 1755.0 895.0
85.0 1857.0 890.0
162.0 1875.0 917.0
135.0 1780.0 905.0
182.0 1880.0 795.0
155.0 1925.0 870.0
90.0 1890.0 880.0
135.0 1890.0 895.0
150.0 1982.0 910.0
50.0 1972.0 922.0
125.0 2005.0 917.0
55.0 1925.0 895.0
297.0 1842.0 835.0
85.0 1925.0 917.0
145.0 1847.0 815.0
222.0 1832.0 855.0
162.0 1920.0 860.0
-242.0 2055.0 767.0
-330.0 2077.0 860.0
-375.0 2135.0 805.0
-355.0 2067.0 835.0
-257.0 1900.0 785.0
-227.0 1952.0 997.0
-182.0 2035.0 1115.0
0.0 1885.0 957.0
-177.0 1900.0 1050.0
-90.0 1875.0 830.0
-237.0 2050.0 1050.0
-125.0 1895.0 870.0
-50.0 1915.0 835.0
-202.0 1900.0 900.0
-115.0 1880.0 937.0
-40.0 1865.0 845.0
-120.0 1942.0 917.0
-257.0 2040.0 1065.0
-20.0 1967.0 927.0
-55.0 2050.0 885.0
-302.0 2050.0 962.0
-20.0 1957.0 830.0
-20.0 1982.0 840.0
-217.0 2025.0 927.0
-120.0 2030.0 880.0
-222.0 2030.0 952.0
-182.0 2045.0 865.0
-202.0 2045.0 937.0
-162.0 2030.0 885.0
-15.0 1982.0 855.0
-110.0 2005.0 885.0
-115.0 2030.0 845.0
-212.0 2020.0 900.0
-282.0 1962.0 880.0
-45.0 2010.0 860.0
-120.0 1972.0 992.0
-35.0 1977.0 910.0
-70.0 2035.0 917.0
-155.0 2062.0 1012.0
-212.0 2045.0 957.0
-45.0 1937.0 840.0
-145.0 2067.0 922.0
-100.0 2117.0 952.0
-65.0 1995.0 880.0
-172.0 1977.0 910.0
-115.0 1962.0 855.0
-192.0 1977.0 900.0
-95.0 1995.0 910.0
-45.0 1972.0 815.0
-105.0 2025.0 910.0
-805.0 2222.0 825.0
-650.0 1880.0 860.0
-715.0 1967.0 992.0
-670.0 1967.0 952.0
-685.0 1900.0 962.0
-577.0 1937.0 922.0
-597.0 1942.0 922.0
-607.0 2072.0 997.0
-680.0 2107.0 1080.0
-680.0 1947.0 927.0
-612.0 2020.0 967.0
-637.0 1977.0 1037.0
-637.0 2112.0 1130.0
-607.0 2025.0 982.0
-487.0 2000.0 967.0
-522.0 1982.0 932.0
-690.0 2072.0 1085.0
-522.0 2092.0 900.0
-720.0 2145.0 1075.0
-715.0 2190.0 1155.0
-527.0 2067.0 870.0
-475.0 2135.0 885.0
-552.0 2005.0 752.0
-375.0 2067.0 825.0
-425.0 2122.0 910.0
-425.0 2130.0 865.0
-602.0 2155.0 997.0
-450.0 2102.0 865.0
-557.0 2092.0 910.0
-375.0 2062.0 757.0
-532.0 2067.0 850.0
-632.0 2067.0 952.0
-597.0 2102.0 937.0
-617.0 2165.0 952.0
-460.0 2077.0 890.0
-547.0 2130.0 870.0
-532.0 2140.0 900.0
-425.0 2140.0 840.0
-582.0 2072.0 895.0
-685.0 2185.0 1032.0
-410.0 2145.0 845.0
-492.0 2227.0 1012.0
-487.0 2087.0 910.0
-622.0 2202.0 1130.0
-522.0 2107.0 900.0
-680.0 2197.0 1050.0
-465.0 2072.0 855.0
-450.0 2117.0 932.0
-602.0 2285.0 1065.0
-690.0 2160.0 967.0
-1197.0 2122.0 800.0
-1125.0 2092.0 722.0
-1300.0 2280.0 890.0
-1090.0 2145.0 692.0
-1237.0 2257.0 815.0
-1125.0 2122.0 712.0
-1115.0 1977.0 942.0
-1035.0 2005.0 927.0
-980.0 1942.0 927.0
-1115.0 2020.0 962.0
-1192.0 2145.0 1037.0
-995.0 2170.0 860.0
-1090.0 2202.0 875.0
-1065.0 2155.0 855.0
-952.0 2107.0 855.0
-1125.0 2212.0 895.0
-927.0 2087.0 825.0
-1162.0 2180.0 937.0
-1000.0 2050.0 747.0
-907.0 2102.0 767.0
-1030.0 2207.0 865.0
-1095.0 2165.0 922.0
-1090.0 2150.0 830.0
-1120.0 2232.0 937.0
-1212.0 2207.0 917.0
-1060.0 2190.0 845.0
-882.0 2122.0 810.0
-1125.0 2160.0 875.0
-1232.0 2280.0 982.0
-1070.0 2305.0 845.0
-1237.0 2222.0 967.0
-985.0 2150.0 840.0
-1050.0 2247.0 927.0
-942.0 2150.0 895.0
-1167.0 2342.0 1120.0
-1000.0 2112.0 815.0
-1030.0 2265.0 957.0
-1252.0 2232.0 937.0
-927.0 2107.0 790.0
-1125.0 2180.0 927.0
-1030.0 2310.0 910.0
-1045.0 2185.0 865.0
-1075.0 2160.0 860.0
-1075.0 2217.0 885.0
-967.0 2130.0 795.0
-1045.0 2242.0 830.0
-980.0 2175.0 845.0
-985.0 2185.0 890.0
-990.0 2092.0 785.0
-1100.0 2165.0 855.0
-1690.0 2197.0 917.0
-1477.0 2025.0 810.0
-1537.0 2135.0 957.0
-1497.0 2180.0 967.0
-1325.0 2092.0 860.0
-1517.0 2207.0 977.0
-1370.0 2130.0 752.0
-1320.0 2280.0 932.0
-1435.0 2295.0 880.0
-1345.0 2145.0 767.0
-1325.0 2190.0 820.0
-1400.0 2122.0 777.0
-1277.0 2140.0 790.0
-1487.0 2222.0 870.0
-1435.0 2337.0 982.0
-1365.0 2130.0 835.0
-1430.0 2145.0 850.0
-1507.0 2265.0 992.0
-1435.0 2180.0 820.0
-1395.0 2130.0 845.0
-1380.0 2170.0 855.0
-1355.0 2227.0 825.0
-1400.0 2170.0 840.0
-1390.0 2222.0 917.0
-1512.0 2242.0 1060.0
-1282.0 2122.0 855.0
-1487.0 2207.0 1002.0
-1325.0 2237.0 900.0
-1482.0 2190.0 942.0
-1425.0 2212.0 900.0
-1482.0 2025.0 875.0
-1562.0 2050.0 977.0
-1370.0 1925.0 747.0
-1455.0 1932.0 757.0
-1612.0 1942.0 952.0
-1725.0 2072.0 1050.0
-1780.0 2122.0 1135.0
-1602.0 1957.0 952.0
-1602.0 1942.0 880.0
-1562.0 1972.0 855.0
-1487.0 1962.0 785.0
-1462.0 1952.0 855.0
-1607.0 2072.0 987.0
-1420.0 1890.0 800.0
-1630.0 2045.0 992.0
-1517.0 1952.0 900.0
-1650.0 1977.0 962.0
-1572.0 2082.0 1007.0
-1567.0 1962.0 850.0
-1487.0 1885.0 805.0
-2132.0 1842.0 870.0
-2137.0 1852.0 952.0
-2192.0 1972.0 957.0
-2095.0 1972.0 967.0
-1927.0 2005.0 885.0
-1882.0 2092.0 800.0
-1932.0 2135.0 810.0
-1932.0 2092.0 815.0
-1745.0 2025.0 732.0
-1990.0 2097.0 795.0
-1902.0 2082.0 747.0
-1965.0 2097.0 742.0
-1975.0 2175.0 885.0
-1867.0 2050.0 805.0
-2050.0 2112.0 885.0
-1990.0 2097.0 785.0
-1932.0 2175.0 815.0
-1887.0 2170.0 855.0
-2000.0 2190.0 900.0
-2055.0 2207.0 932.0
-2172.0 2107.0 870.0
-2100.0 2242.0 855.0
-1877.0 2197.0 752.0
-1750.0 2040.0 737.0
-2065.0 2122.0 835.0
-2035.0 2145.0 777.0
-2030.0 2175.0 922.0
-2100.0 2160.0 977.0
-2065.0 2092.0 762.0
-1980.0 2145.0 840.0
-1932.0 2265.0 865.0
-1827.0 2097.0 790.0
-1932.0 2040.0 772.0
-2065.0 2130.0 835.0
-1822.0 2117.0 810.0
-2000.0 2180.0 937.0
-2060.0 2185.0 917.0
-2025.0 2207.0 917.0
-2112.0 2087.0 895.0
-1985.0 2092.0 825.0
-2172.0 2185.0 952.0
-2035.0 2212.0 880.0
-2035.0 2040.0 825.0
-2050.0 2160.0 962.0
-2060.0 2092.0 870.0
-1877.0 2150.0 825.0
-2070.0 2072.0 840.0
-2085.0 2055.0 885.0
-2010.0 2030.0 762.0
-2065.0 2112.0 947.0
-2990.0 1765.0 1012.0
-2960.0 1730.0 957.0
-3015.0 1895.0 1017.0
-3025.0 1842.0 1075.0
-3097.0 1790.0 805.0
-3065.0 1802.0 875.0
-2882.0 1745.0 855.0
-3040.0 1842.0 910.0
-2777.0 1812.0 922.0
-2772.0 1890.0 1017.0
-2950.0 1885.0 1090.0
-2887.0 1802.0 937.0
-3060.0 1852.0 1085.0
-3070.0 1875.0 1037.0
-2985.0 1740.0 777.0
-3010.0 1780.0 815.0
-3142.0 1865.0 875.0
-3015.0 1822.0 830.0
-3010.0 1832.0 810.0
-2877.0 1780.0 795.0
-2907.0 1847.0 830.0
-3102.0 1920.0 927.0
-2970.0 1842.0 805.0
-3015.0 1857.0 805.0
-3122.0 1932.0 972.0
-2877.0 1822.0 825.0
-2872.0 1852.0 810.0
-3050.0 1852.0 845.0
-3045.0 1827.0 752.0
-3045.0 1885.0 865.0
-2985.0 1822.0 800.0
-2710.0 1817.0 737.0
-2917.0 1817.0 742.0
-2902.0 1837.0 772.0
-2812.0 1770.0 757.0
-2985.0 1895.0 910.0
-2852.0 1870.0 825.0
-2842.0 1775.0 620.0
-2887.0 1802.0 727.0
-2980.0 1842.0 757.0
-2940.0 1847.0 805.0
-3122.0 1952.0 942.0
-2975.0 1900.0 895.0
-2872.0 1822.0 840.0
-2857.0 1750.0 777.0
-2965.0 1857.0 757.0
-2940.0 1890.0 767.0
-2917.0 1785.0 772.0
-2970.0 1857.0 820.0
-2907.0 1852.0 815.0
-3542.0 1292.0 875.0
-3497.0 1365.0 927.0
-3385.0 1442.0 942.0
-3502.0 1480.0 977.0
-3432.0 1610.0 795.0
-3507.0 1605.0 825.0
-3472.0 1557.0 810.0
-3452.0 1542.0 815.0
-3447.0 1682.0 942.0
-3350.0 1682.0 810.0
-3275.0 1582.0 785.0
-3285.0 1577.0 727.0
-3532.0 1640.0 830.0
-3552.0 1600.0 875.0
-3447.0 1562.0 752.0
-3472.0 1587.0 790.0
-3457.0 1592.0 895.0
-3532.0 1630.0 952.0
-3467.0 1655.0 932.0
-3360.0 1625.0 927.0
-3472.0 1547.0 830.0
-3412.0 1640.0 820.0
-3512.0 1645.0 917.0
-3547.0 1687.0 947.0
-3250.0 1500.0 672.0
-3502.0 1600.0 825.0
-3447.0 1562.0 805.0
-3487.0 1605.0 830.0
-3390.0 1605.0 830.0
-3375.0 1557.0 742.0
-3512.0 1547.0 855.0
-3532.0 1610.0 800.0
-3487.0 1667.0 900.0
-3615.0 1667.0 905.0
-3340.0 1572.0 815.0
-3350.0 1572.0 762.0
-3492.0 1600.0 825.0
-3412.0 1610.0 885.0
-3422.0 1662.0 767.0
-3405.0 1645.0 772.0
-3625.0 1620.0 1017.0
-3497.0 1692.0 957.0
-3395.0 1547.0 772.0
-3280.0 1537.0 757.0
-3380.0 1605.0 800.0
-3355.0 1582.0 815.0
-3462.0 1605.0 845.0
-3557.0 1667.0 982.0
-3467.0 1645.0 922.0
-3320.0 1655.0 865.0
-4600.0 820.0 840.0
-4560.0 815.0 835.0
-4447.0 792.0 820.0
-4565.0 805.0 850.0
-4082.0 907.0 820.0
-4167.0 1007.0 875.0
-4015.0 1002.0 830.0
-4230.0 1022.0 937.0
-4082.0 1142.0 830.0
-4107.0 1297.0 947.0
-4077.0 1215.0 885.0
-3867.0 1215.0 855.0
-4010.0 1200.0 790.0
-4062.0 1182.0 815.0
-3887.0 1137.0 732.0
-4040.0 1240.0 895.0
-3965.0 1292.0 795.0
-3910.0 1260.0 795.0
-3985.0 1177.0 702.0
-4040.0 1215.0 870.0
-3980.0 1235.0 732.0
-4107.0 1302.0 922.0
-3990.0 1162.0 757.0
-3945.0 1157.0 772.0
-3900.0 1172.0 762.0
-4010.0 1292.0 890.0
-4157.0 1267.0 922.0
-4097.0 1287.0 850.0
-3892.0 1255.0 722.0
-3752.0 1125.0 635.0
-4062.0 1250.0 875.0
-3940.0 1187.0 805.0
-4025.0 1267.0 860.0
-4050.0 1322.0 947.0
-4010.0 1220.0 810.0
-4097.0 1205.0 830.0
-3965.0 1120.0 790.0
-4062.0 1157.0 885.0
-4067.0 1272.0 917.0
-3990.0 1235.0 885.0
-3887.0 1142.0 722.0
-3985.0 1177.0 777.0
-4020.0 1260.0 815.0
-4025.0 1297.0 835.0
-4147.0 1370.0 952.0
-3975.0 1267.0 820.0
-3970.0 1225.0 767.0
-4177.0 1260.0 820.0
-4092.0 1277.0 737.0
-4025.0 1182.0 767.0
-5015.0 87.0 845.0
-5030.0 275.0 1027.0
-4550.0 695.0 790.0
-4542.0 695.0 835.0
-4462.0 607.0 762.0
-4590.0 772.0 910.0
-4442.0 752.0 810.0
-4437.0 680.0 815.0
-4330.0 670.0 722.0
-4502.0 700.0 772.0
-4590.0 680.0 835.0
-4570.0 737.0 820.0
-4600.0 732.0 805.0
-4462.0 685.0 732.0
-4630.0 752.0 820.0
-4605.0 767.0 845.0
-4590.0 762.0 885.0
-4345.0 595.0 707.0
-4315.0 657.0 682.0
-4542.0 657.0 707.0
-4310.0 622.0 635.0
-4532.0 715.0 712.0
-4600.0 737.0 790.0
-4595.0 757.0 795.0
-4517.0 700.0 785.0
-4492.0 695.0 727.0
-4580.0 715.0 757.0
-4685.0 777.0 885.0
-4610.0 762.0 905.0
-4397.0 685.0 702.0
-4392.0 670.0 722.0
-4630.0 690.0 785.0
-4610.0 742.0 777.0
-4575.0 680.0 790.0
-4580.0 637.0 790.0
-4565.0 752.0 810.0
-4492.0 720.0 717.0
-4325.0 637.0 682.0
-4497.0 627.0 752.0
-4560.0 715.0 777.0
-4555.0 747.0 747.0
-4712.0 777.0 890.0
-4462.0 680.0 795.0
-4452.0 637.0 702.0
-4570.0 690.0 722.0
-4507.0 675.0 737.0
-4502.0 700.0 722.0
-4615.0 715.0 767.0
-4630.0 737.0 830.0
-4457.0 652.0 630.0
-5595.0 -935.0 917.0
-5727.0 -840.0 982.0
-5502.0 -690.0 900.0
-5340.0 -737.0 860.0
-5330.0 -850.0 752.0
-5447.0 -850.0 785.0
-5580.0 -782.0 855.0
-5620.0 -782.0 917.0
-5580.0 -747.0 835.0
-5555.0 -792.0 820.0
-5512.0 -825.0 795.0
-5482.0 -815.0 840.0
-5482.0 -825.0 717.0
-5472.0 -815.0 815.0
-5722.0 -810.0 1090.0
-5665.0 -742.0 1060.0
-5422.0 -805.0 767.0
-5452.0 -732.0 845.0
-5452.0 -792.0 840.0
-5525.0 -840.0 830.0
-5575.0 -872.0 810.0
-5555.0 -805.0 777.0
-5615.0 -877.0 840.0
-5625.0 -800.0 895.0
-5640.0 -725.0 810.0
-5600.0 -767.0 850.0
-5530.0 -810.0 820.0
-5462.0 -850.0 825.0
-5560.0 -737.0 1050.0
-5437.0 -820.0 870.0
-5457.0 -850.0 840.0
-5477.0 -805.0 865.0
-5615.0 -935.0 830.0
-5555.0 -850.0 885.0
-5600.0 -725.0 850.0
-5472.0 -787.0 870.0
-5610.0 -757.0 917.0
-5645.0 -695.0 895.0
-5492.0 -705.0 845.0
-5417.0 -777.0 790.0
-5417.0 -835.0 820.0
-5457.0 -800.0 790.0
-5545.0 -825.0 865.0
-5507.0 -840.0 800.0
-5487.0 -872.0 840.0
-5432.0 -792.0 855.0
-5525.0 -767.0 932.0
-5645.0 -680.0 1080.0
-5545.0 -700.0 957.0
-5392.0 -840.0 835.0
-5802.0 -2107.0 937.0
-5940.0 -1857.0 932.0
-5802.0 -1740.0 820.0
-5890.0 -1785.0 900.0
-5827.0 -1875.0 795.0
-6017.0 -1745.0 947.0
-5940.0 -1832.0 910.0
-5940.0 -1702.0 885.0
-5850.0 -1817.0 830.0
-5950.0 -1760.0 910.0
-5782.0 -1745.0 800.0
-5752.0 -1687.0 850.0
-5850.0 -1802.0 790.0
-5925.0 -1780.0 880.0
-5875.0 -1817.0 747.0
-5870.0 -1770.0 742.0
-5832.0 -1765.0 777.0
-5822.0 -1780.0 895.0
-6012.0 -1692.0 1022.0
-5960.0 -1625.0 1027.0
-5737.0 -1827.0 800.0
-5670.0 -1847.0 777.0
-5865.0 -1785.0 910.0
-5905.0 -1780.0 840.0
-5817.0 -1745.0 900.0
-5842.0 -1735.0 952.0
-5955.0 -1770.0 1012.0
-6067.0 -1775.0 1012.0
-6017.0 -1655.0 1120.0
-5980.0 -1650.0 1105.0
-5797.0 -1797.0 885.0
-5900.0 -1605.0 962.0
-5762.0 -1692.0 910.0
-5747.0 -1822.0 800.0
-5702.0 -1802.0 815.0
-5767.0 -1760.0 790.0
-6017.0 -1817.0 895.0
-5980.0 -1832.0 900.0
-5940.0 -1697.0 825.0
-5935.0 -1682.0 880.0
-5885.0 -1770.0 927.0
-5762.0 -1842.0 825.0
-5890.0 -1765.0 890.0
-5880.0 -1692.0 987.0
-5890.0 -1837.0 870.0
-5837.0 -1807.0 890.0
-5727.0 -1847.0 790.0
-5737.0 -1812.0 757.0
-5722.0 -1847.0 860.0
-5812.0 -1760.0 855.0
-5965.0 -3417.0 927.0
-6057.0 -3267.0 1045.0
-6042.0 -3042.0 947.0
-5875.0 -3042.0 932.0
-5995.0 -3090.0 932.0
-5945.0 -2940.0 942.0
-6087.0 -3042.0 917.0
-6027.0 -3037.0 992.0
-6022.0 -3080.0 875.0
-6000.0 -3060.0 825.0
-5930.0 -3070.0 835.0
-6000.0 -3075.0 905.0
-5990.0 -3002.0 895.0
-6087.0 -3065.0 952.0
-5995.0 -3080.0 967.0
-5915.0 -3100.0 890.0
-5965.0 -3132.0 850.0
-6017.0 -3075.0 927.0
-6042.0 -3032.0 885.0
-5995.0 -3100.0 865.0
-6012.0 -2997.0 1012.0
-5945.0 -3052.0 880.0
-6200.0 -3027.0 917.0
-6200.0 -2997.0 1022.0
-6067.0 -3037.0 910.0
-6092.0 -2975.0 957.0
-6147.0 -2950.0 1045.0
-6107.0 -2975.0 1002.0
-5935.0 -3075.0 830.0
-5832.0 -3147.0 845.0
-5995.0 -3110.0 870.0
-6107.0 -3042.0 875.0
-6152.0 -3080.0 947.0
-6112.0 -3085.0 952.0
-6157.0 -2970.0 880.0
-6122.0 -2985.0 942.0
-6157.0 -3142.0 910.0
-6000.0 -3127.0 835.0
-6027.0 -3127.0 835.0
-5762.0 -3127.0 777.0
-5772.0 -3147.0 767.0
-5990.0 -3105.0 850.0
-5870.0 -3037.0 910.0
-5945.0 -3022.0 900.0
-6027.0 -2912.0 1007.0
-5945.0 -2997.0 982.0
-5817.0 -3110.0 845.0
-5807.0 -3127.0 922.0
-6027.0 -3052.0 850.0
-5915.0 -3137.0 790.0
-5885.0 -4800.0 1080.0
-6107.0 -4715.0 1150.0
-6072.0 -4632.0 1105.0
-5905.0 -4617.0 1090.0
-5782.0 -4772.0 890.0
-5802.0 -4742.0 927.0
-5782.0 -4710.0 855.0
-5802.0 -4747.0 880.0
-5850.0 -4772.0 905.0
-5822.0 -4800.0 905.0
-6022.0 -4670.0 1045.0
-5885.0 -4732.0 967.0
-5827.0 -4752.0 870.0
-5965.0 -4710.0 982.0
-5797.0 -4767.0 922.0
-5865.0 -4795.0 917.0
-5772.0 -4710.0 977.0
-5772.0 -4747.0 977.0
-6037.0 -4632.0 982.0
-6017.0 -4632.0 1045.0
-5945.0 -4685.0 972.0
-6012.0 -4612.0 1007.0
-5955.0 -4665.0 1045.0
-6042.0 -4632.0 1095.0
-6037.0 -4710.0 1075.0
-6000.0 -4642.0 1017.0
-6057.0 -4575.0 1120.0
-6047.0 -4545.0 1110.0
-6042.0 -4555.0 1197.0
-6097.0 -4535.0 1202.0
-5832.0 -4680.0 967.0
-5985.0 -4602.0 1050.0
-5865.0 -4675.0 992.0
-5777.0 -4727.0 957.0
-5742.0 -4752.0 880.0
-5910.0 -4747.0 900.0
-5955.0 -4690.0 1027.0
-5940.0 -4715.0 1002.0
-6067.0 -4670.0 1032.0
-5960.0 -4660.0 1032.0
-5822.0 -4762.0 967.0
-5965.0 -4647.0 1095.0
-5860.0 -4722.0 1017.0
-5905.0 -4752.0 937.0
-5817.0 -4722.0 1045.0
-5865.0 -4747.0 987.0
-5860.0 -4705.0 987.0
-5925.0 -4737.0 1037.0
-5772.0 -4727.0 922.0
-5772.0 -4782.0 900.0
-5382.0 -6275.0 997.0
-5345.0 -6120.0 1055.0
-5467.0 -5922.0 1065.0
-5462.0 -5972.0 1085.0
-5382.0 -6020.0 997.0
-5437.0 -6025.0 1055.0
-5565.0 -5947.0 1182.0
-5442.0 -6010.0 1055.0
-5402.0 -6077.0 997.0
-5600.0 -6005.0 1125.0
-5397.0 -6067.0 997.0
-5392.0 -6082.0 1007.0
-5392.0 -6092.0 1002.0
-5382.0 -6107.0 1027.0
-5422.0 -6087.0 1002.0
-5417.0 -6082.0 1027.0
-5610.0 -5967.0 1145.0
-5722.0 -5985.0 1187.0
-5660.0 -5972.0 1155.0
-5437.0 -5972.0 1100.0
-5707.0 -5922.0 1150.0
-5670.0 -5860.0 1217.0
-5762.0 -5947.0 1345.0
-5812.0 -5952.0 1262.0
-5600.0 -6092.0 1075.0
-5575.0 -6052.0 1055.0
-5585.0 -6010.0 1135.0
-5462.0 -6057.0 1050.0
-5427.0 -6082.0 972.0
-5615.0 -5967.0 1130.0
-5427.0 -6097.0 972.0
-5422.0 -6067.0 967.0
-5620.0 -6025.0 1075.0
-5620.0 -6020.0 1110.0
-5512.0 -6062.0 1022.0
-5512.0 -6077.0 972.0
-5610.0 -6052.0 1130.0
-5392.0 -6140.0 962.0
-5437.0 -6087.0 957.0
-5600.0 -5977.0 1160.0
-5590.0 -5995.0 1105.0
-5560.0 -6025.0 1135.0
-5757.0 -6015.0 1202.0
-5665.0 -5932.0 1247.0
-5565.0 -5922.0 1257.0
-5580.0 -5870.0 1202.0
-5540.0 -5947.0 1182.0
-5757.0 -5885.0 1217.0
-5610.0 -5885.0 1170.0
-5530.0 -5947.0 1170.0
-4452.0 -7595.0 1095.0
-4392.0 -7517.0 1055.0
-4550.0 -7522.0 1080.0
-4625.0 -7522.0 1160.0
-4595.0 -7537.0 1177.0
-4635.0 -7417.0 1125.0
-4635.0 -7422.0 1120.0
-4542.0 -7500.0 1130.0
-4477.0 -7567.0 1037.0
-4527.0 -7557.0 1090.0
-4630.0 -7500.0 1177.0
-4482.0 -7572.0 1050.0
-4502.0 -7557.0 1045.0
-4497.0 -7537.0 1110.0
-4560.0 -7500.0 1145.0
-4600.0 -7557.0 1050.0
-4620.0 -7557.0 1100.0
-4615.0 -7557.0 1130.0
-4680.0 -7442.0 1135.0
-4680.0 -7432.0 1125.0
-4635.0 -7557.0 1125.0
-4737.0 -7500.0 1155.0
-4580.0 -7522.0 1125.0
-4522.0 -7562.0 1095.0
-4670.0 -7527.0 1090.0
-4737.0 -7495.0 1145.0
-4732.0 -7537.0 1155.0
-4620.0 -7567.0 1140.0
-4502.0 -7552.0 972.0
-4517.0 -7557.0 982.0
-4650.0 -7590.0 1115.0
-4722.0 -7572.0 1105.0
-4660.0 -7590.0 1192.0
-4620.0 -7510.0 1095.0
-4640.0 -7572.0 1125.0
-4675.0 -7577.0 1125.0
-4717.0 -7577.0 1150.0
-4680.0 -7485.0 1187.0
-4895.0 -7470.0 1292.0
-4727.0 -7485.0 1242.0
-4705.0 -7522.0 1187.0
-4482.0 -7625.0 1037.0
-4497.0 -7647.0 1032.0
-4575.0 -7552.0 1115.0
-4625.0 -7542.0 1140.0
-4680.0 -7460.0 1100.0
-4685.0 -7517.0 1070.0
-4635.0 -7542.0 1145.0
-4605.0 -7480.0 1110.0
-4512.0 -7475.0 1130.0
-3552.0 -8477.0 1247.0
-3615.0 -8520.0 1252.0
-3620.0 -8425.0 1237.0
-3512.0 -8477.0 1202.0
-3512.0 -8425.0 1182.0
-3512.0 -8405.0 1177.0
-3517.0 -8420.0 1242.0
-3532.0 -8482.0 1197.0
-3477.0 -8550.0 1110.0
-3497.0 -8535.0 1135.0
-3635.0 -8435.0 1287.0
-3720.0 -8447.0 1390.0
-3502.0 -8570.0 1150.0
-3487.0 -8550.0 1120.0
-3340.0 -8637.0 1055.0
-3360.0 -8565.0 1085.0
-3625.0 -8492.0 1182.0
-3620.0 -8515.0 1130.0
-3447.0 -8550.0 1135.0
-3502.0 -8525.0 1202.0
-3620.0 -8410.0 1292.0
-3710.0 -8467.0 1325.0
-3725.0 -8435.0 1370.0
-3580.0 -8430.0 1282.0
-3605.0 -8342.0 1330.0
-3557.0 -8342.0 1340.0
-3412.0 -8447.0 1252.0
-3447.0 -8487.0 1160.0
-3650.0 -8550.0 1145.0
-3575.0 -8487.0 1135.0
-3595.0 -8430.0 1252.0
-3600.0 -8415.0 1310.0
-3477.0 -8592.0 1145.0
-3610.0 -8482.0 1170.0
-3615.0 -8467.0 1130.0
-3630.0 -8502.0 1110.0
-3477.0 -8487.0 1150.0
-3552.0 -8482.0 1187.0
-3655.0 -8390.0 1355.0
-3610.0 -8447.0 1282.0
-3527.0 -8582.0 1120.0
-3340.0 -8592.0 1165.0
-3437.0 -8535.0 1242.0
-3517.0 -8497.0 1170.0
-3600.0 -8447.0 1282.0
-3705.0 -8452.0 1315.0
-3700.0 -8395.0 1380.0
-3675.0 -8405.0 1390.0
-3700.0 -8372.0 1430.0
-3705.0 -8357.0 1415.0
-1792.0 -9200.0 1390.0
-2237.0 -9142.0 1385.0
-2247.0 -9132.0 1385.0
-2147.0 -9080.0 1447.0
-2060.0 -9162.0 1340.0
-2330.0 -9122.0 1467.0
-2147.0 -9180.0 1390.0
-2172.0 -9172.0 1410.0
-2117.0 -9272.0 1292.0
-2112.0 -9267.0 1320.0
-2267.0 -9172.0 1415.0
-2300.0 -9162.0 1457.0
-2105.0 -9235.0 1365.0
-2040.0 -9220.0 1297.0
-2025.0 -9235.0 1335.0
-2090.0 -9195.0 1340.0
-2285.0 -9205.0 1355.0
-2237.0 -9225.0 1370.0
-2257.0 -9095.0 1325.0
-2310.0 -9112.0 1335.0
-2207.0 -9190.0 1355.0
-2280.0 -9142.0 1400.0
-2147.0 -9162.0 1282.0
-2157.0 -9247.0 1320.0
-1907.0 -9287.0 1212.0
-1862.0 -9210.0 1257.0
-2257.0 -8982.0 1507.0
-2360.0 -9032.0 1570.0
-2212.0 -9235.0 1345.0
-2212.0 -9282.0 1282.0
-2177.0 -9220.0 1325.0
-2237.0 -9190.0 1315.0
-2232.0 -9142.0 1420.0
-2202.0 -9200.0 1355.0
-2315.0 -9205.0 1400.0
-2315.0 -9167.0 1385.0
-2252.0 -9257.0 1305.0
-2090.0 -9235.0 1287.0
-2000.0 -9272.0 1217.0
-2060.0 -9292.0 1227.0
-2197.0 -9180.0 1375.0
-2247.0 -9132.0 1390.0
-2187.0 -9195.0 1405.0
-2167.0 -9220.0 1370.0
-2192.0 -9235.0 1325.0
-2330.0 -9190.0 1430.0
-2085.0 -9230.0 1430.0
-2227.0 -9215.0 1390.0
-2222.0 -9180.0 1325.0
-2242.0 -9142.0 1420.0
-100.0 -9220.0 1477.0
-282.0 -9320.0 1467.0
-465.0 -9330.0 1497.0
-345.0 -9417.0 1410.0
-440.0 -9392.0 1420.0
-547.0 -9360.0 1502.0
-537.0 -9282.0 1532.0
-435.0 -9282.0 1575.0
-487.0 -9220.0 1547.0
-400.0 -9302.0 1487.0
-177.0 -9412.0 1380.0
-212.0 -9427.0 1360.0
-487.0 -9392.0 1457.0
-542.0 -9422.0 1390.0
-415.0 -9460.0 1360.0
-450.0 -9397.0 1462.0
-237.0 -9445.0 1365.0
-287.0 -9355.0 1375.0
-542.0 -9392.0 1430.0
-532.0 -9350.0 1527.0
-405.0 -9330.0 1497.0
-480.0 -9310.0 1547.0
-395.0 -9262.0 1497.0
-512.0 -9277.0 1562.0
-557.0 -9397.0 1532.0
-512.0 -9335.0 1512.0
-480.0 -9335.0 1507.0
-602.0 -9277.0 1585.0
-360.0 -9360.0 1497.0
-497.0 -9360.0 1507.0
-450.0 -9335.0 1482.0
-502.0 -9267.0 1532.0
-325.0 -9370.0 1380.0
-287.0 -9360.0 1447.0
-502.0 -9235.0 1552.0
-512.0 -9325.0 1512.0
-282.0 -9272.0 1457.0
-182.0 -9460.0 1395.0
-480.0 -9257.0 1472.0
-395.0 -9355.0 1452.0
-602.0 -9235.0 1655.0
-552.0 -9225.0 1575.0
-375.0 -9370.0 1420.0
-257.0 -9445.0 1380.0
-517.0 -9387.0 1547.0
-425.0 -9325.0 1467.0
-502.0 -9397.0 1487.0
-572.0 -9320.0 1507.0
-507.0 -9132.0 1580.0
-410.0 -9195.0 1522.0
1477.0 -8492.0 1472.0
1405.0 -8502.0 1497.0
1242.0 -8695.0 1457.0
1157.0 -8582.0 1497.0
1202.0 -8670.0 1472.0
1300.0 -8717.0 1437.0
1315.0 -8575.0 1507.0
1167.0 -8665.0 1517.0
1335.0 -8752.0 1325.0
1272.0 -8732.0 1415.0
1425.0 -8660.0 1562.0
1262.0 -8637.0 1610.0
1242.0 -8695.0 1487.0
1247.0 -8722.0 1452.0
1227.0 -8607.0 1595.0
1292.0 -8767.0 1430.0
1287.0 -8840.0 1405.0
1267.0 -8747.0 1437.0
1445.0 -8690.0 1420.0
1405.0 -8622.0 1507.0
1202.0 -8612.0 1532.0
1232.0 -8660.0 1517.0
1380.0 -8805.0 1375.0
1425.0 -8742.0 1452.0
1267.0 -8645.0 1492.0
1242.0 -8592.0 1467.0
1410.0 -8680.0 1447.0
1400.0 -8617.0 1457.0
1152.0 -8602.0 1552.0
1242.0 -8627.0 1467.0
1405.0 -8762.0 1447.0
1345.0 -8747.0 1400.0
1330.0 -8737.0 1462.0
1237.0 -8680.0 1477.0
1227.0 -8570.0 1542.0
1045.0 -8607.0 1645.0
1020.0 -8645.0 1625.0
1207.0 -8622.0 1532.0
1277.0 -8670.0 1492.0
1227.0 -8722.0 1522.0
1202.0 -8705.0 1457.0
1142.0 -8762.0 1492.0
1450.0 -8675.0 1425.0
1375.0 -8665.0 1547.0
1365.0 -8800.0 1330.0
1360.0 -8780.0 1370.0
1325.0 -8727.0 1482.0
1152.0 -8742.0 1517.0
1365.0 -8835.0 1325.0
1355.0 -8815.0 1360.0
2537.0 -7330.0 1492.0
2497.0 -7375.0 1547.0
2267.0 -7605.0 1655.0
2182.0 -7662.0 1670.0
2340.0 -7715.0 1517.0
2472.0 -7870.0 1355.0
2512.0 -7812.0 1310.0
2425.0 -7745.0 1425.0
2285.0 -7715.0 1502.0
2217.0 -7770.0 1462.0
2517.0 -7837.0 1272.0
2532.0 -7850.0 1375.0
2577.0 -7605.0 1527.0
2527.0 -7625.0 1507.0
2507.0 -7735.0 1380.0
2527.0 -7702.0 1482.0
2552.0 -7657.0 1442.0
2512.0 -7782.0 1415.0
2587.0 -7782.0 1420.0
2577.0 -7745.0 1415.0
2625.0 -7855.0 1365.0
2567.0 -7817.0 1405.0
2685.0 -7755.0 1375.0
2650.0 -7832.0 1330.0
2537.0 -7802.0 1400.0
2572.0 -7715.0 1420.0
2335.0 -7687.0 1585.0
2335.0 -7682.0 1522.0
2385.0 -7775.0 1497.0
2355.0 -7792.0 1447.0
2275.0 -7677.0 1425.0
2267.0 -7750.0 1380.0
2675.0 -7807.0 1430.0
2630.0 -7682.0 1502.0
2365.0 -7672.0 1522.0
2227.0 -7682.0 1640.0
2325.0 -7787.0 1452.0
2370.0 -7760.0 1442.0
2420.0 -7667.0 1365.0
2390.0 -7715.0 1457.0
2497.0 -7802.0 1365.0
2567.0 -7850.0 1400.0
2212.0 -7585.0 1630.0
2197.0 -7620.0 1615.0
2425.0 -7707.0 1430.0
2350.0 -7652.0 1477.0
2477.0 -7770.0 1380.0
2425.0 -7740.0 1390.0
2542.0 -7662.0 1502.0
2492.0 -7640.0 1547.0
3452.0 -6112.0 1345.0
3360.0 -6237.0 1330.0
3197.0 -6430.0 1335.0
3162.0 -6445.0 1310.0
3102.0 -6420.0 1380.0
3112.0 -6420.0 1380.0
3030.0 -6570.0 1375.0
3060.0 -6575.0 1345.0
3237.0 -6535.0 1310.0
3482.0 -6580.0 1292.0
3315.0 -6425.0 1350.0
3237.0 -6445.0 1425.0
3025.0 -6457.0 1452.0
3112.0 -6467.0 1380.0
3300.0 -6520.0 1305.0
3305.0 -6472.0 1370.0
3260.0 -6570.0 1320.0
3350.0 -6555.0 1277.0
3197.0 -6472.0 1452.0
2930.0 -6390.0 1552.0
3202.0 -6457.0 1390.0
3197.0 -6482.0 1345.0
3335.0 -6507.0 1310.0
3310.0 -6452.0 1410.0
3045.0 -6395.0 1497.0
3137.0 -6445.0 1420.0
3117.0 -6440.0 1452.0
3065.0 -6430.0 1400.0
3295.0 -6575.0 1292.0
3457.0 -6512.0 1340.0
3242.0 -6452.0 1512.0
3192.0 -6410.0 1437.0
3030.0 -6530.0 1547.0
3087.0 -6467.0 1462.0
3285.0 -6560.0 1257.0
3250.0 -6555.0 1272.0
3275.0 -6575.0 1287.0
3290.0 -6502.0 1305.0
3192.0 -6507.0 1365.0
3192.0 -6462.0 1345.0
3152.0 -6430.0 1355.0
3197.0 -6492.0 1375.0
3060.0 -6477.0 1447.0
3117.0 -6457.0 1420.0
3212.0 -6607.0 1257.0
3325.0 -6602.0 1272.0
3472.0 -6607.0 1262.0
3487.0 -6607.0 1340.0
3280.0 -6457.0 1405.0
3020.0 -6420.0 1542.0
3547.0 -4295.0 1532.0
3532.0 -4357.0 1512.0
3600.0 -4627.0 1370.0
3640.0 -4647.0 1325.0
3720.0 -4637.0 1262.0
3767.0 -4642.0 1237.0
3685.0 -4647.0 1297.0
3742.0 -4592.0 1335.0
3547.0 -4642.0 1335.0
3557.0 -4622.0 1340.0
3690.0 -4665.0 1212.0
3807.0 -4637.0 1222.0
3867.0 -4612.0 1292.0
3710.0 -4530.0 1390.0
3487.0 -4512.0 1542.0
3695.0 -4627.0 1375.0
3742.0 -4607.0 1287.0
3670.0 -4647.0 1297.0
3680.0 -4642.0 1247.0
3782.0 -4555.0 1320.0
3670.0 -4535.0 1385.0
3772.0 -4695.0 1187.0
3705.0 -4632.0 1212.0
3595.0 -4607.0 1305.0
3585.0 -4540.0 1355.0
3675.0 -4612.0 1282.0
3580.0 -4660.0 1257.0
3812.0 -4715.0 1115.0
3767.0 -4680.0 1227.0
3777.0 -4575.0 1330.0
3595.0 -4477.0 1472.0
3507.0 -4565.0 1452.0
3655.0 -4560.0 1340.0
3767.0 -4585.0 1170.0
3665.0 -4622.0 1247.0
3877.0 -4647.0 1207.0
3725.0 -4555.0 1310.0
3665.0 -4612.0 1310.0
3665.0 -4690.0 1252.0
3685.0 -4592.0 1282.0
3675.0 -4690.0 1287.0
3905.0 -4665.0 1287.0
3807.0 -4597.0 1310.0
3650.0 -4580.0 1365.0
3700.0 -4592.0 1345.0
3685.0 -4560.0 1262.0
3645.0 -4622.0 1272.0
3867.0 -4670.0 1160.0
3892.0 -4777.0 1140.0
3782.0 -4545.0 1370.0
3567.0 -3047.0 1335.0
3620.0 -3052.0 1375.0
3725.0 -3225.0 1335.0
3710.0 -3200.0 1395.0
3605.0 -3037.0 1537.0
3590.0 -3095.0 1557.0
3557.0 -3085.0 1542.0
3562.0 -3195.0 1425.0
3660.0 -3157.0 1355.0
3725.0 -3195.0 1267.0
3715.0 -3162.0 1267.0
3590.0 -3287.0 1415.0
3615.0 -3255.0 1350.0
3797.0 -3240.0 1262.0
3787.0 -3235.0 1262.0
3737.0 -3195.0 1310.0
3757.0 -3187.0 1355.0
3705.0 -3177.0 1355.0
3857.0 -3250.0 1282.0
3862.0 -3510.0 1217.0
3757.0 -3437.0 1257.0
3802.0 -3385.0 1325.0
3680.0 -3302.0 1232.0
3762.0 -3402.0 1267.0
3700.0 -3325.0 1310.0
3730.0 -3292.0 1360.0
3867.0 -3432.0 1222.0
3945.0 -3490.0 1222.0
3757.0 -3427.0 1335.0
3792.0 -3392.0 1297.0
3767.0 -3392.0 1315.0
3747.0 -3397.0 1247.0
3635.0 -3330.0 1420.0
3670.0 -3330.0 1400.0
3517.0 -3325.0 1492.0
3517.0 -3330.0 1462.0
3725.0 -3340.0 1375.0
3590.0 -3375.0 1425.0
3730.0 -3452.0 1325.0
3720.0 -3380.0 1345.0
3920.0 -3447.0 1177.0
3965.0 -3465.0 1197.0
3650.0 -3385.0 1340.0
3605.0 -3392.0 1325.0
4062.0 -3490.0 1145.0
3950.0 -3370.0 1217.0
3700.0 -3360.0 1345.0
3645.0 -3412.0 1335.0
3730.0 -3427.0 1292.0
3832.0 -3427.0 1282.0
3497.0 -2067.0 1170.0
3580.0 -2122.0 1170.0
3527.0 -2117.0 1257.0
3512.0 -2117.0 1232.0
3532.0 -2207.0 1247.0
3467.0 -2190.0 1277.0
3695.0 -2237.0 1202.0
3757.0 -2237.0 1150.0
3487.0 -2135.0 1297.0
3660.0 -2170.0 1272.0
3710.0 -2185.0 1227.0
3715.0 -2160.0 1252.0
3537.0 -2130.0 1217.0
3512.0 -2145.0 1227.0
3585.0 -2197.0 1187.0
3512.0 -2175.0 1310.0
3457.0 -2202.0 1292.0
3517.0 -2197.0 1237.0
3590.0 -2310.0 1227.0
3665.0 -2295.0 1170.0
3872.0 -2305.0 1085.0
3867.0 -2265.0 1075.0
3447.0 -2035.0 1380.0
3447.0 -2077.0 1365.0
3700.0 -2280.0 1140.0
3747.0 -2202.0 1090.0
3532.0 -2175.0 1237.0
3457.0 -2207.0 1257.0
3715.0 -2252.0 1145.0
3590.0 -2222.0 1187.0
3720.0 -2300.0 1095.0
3600.0 -2257.0 1192.0
3625.0 -2150.0 1237.0
3567.0 -2150.0 1257.0
3487.0 -2150.0 1182.0
3482.0 -2190.0 1277.0
3532.0 -2130.0 1340.0
3380.0 -2092.0 1420.0
3380.0 -2112.0 1447.0
3562.0 -2140.0 1297.0
3517.0 -2130.0 1385.0
3497.0 -2102.0 1360.0
3695.0 -2140.0 1237.0
3655.0 -2160.0 1212.0
3537.0 -2295.0 1135.0
3575.0 -2165.0 1222.0
3580.0 -2232.0 1242.0
3605.0 -2237.0 1140.0
3620.0 -2197.0 1192.0
3542.0 -2160.0 1315.0
3020.0 -1125.0 1267.0
3127.0 -1210.0 1232.0
3212.0 -1172.0 1150.0
3335.0 -1255.0 1045.0
3050.0 -1132.0 1252.0
3092.0 -1132.0 1237.0
3132.0 -1210.0 1247.0
3237.0 -1360.0 1232.0
3390.0 -1630.0 1272.0
3442.0 -1662.0 1207.0
3472.0 -1735.0 1182.0
3522.0 -1740.0 1165.0
3370.0 -1682.0 1340.0
3280.0 -1677.0 1405.0
3300.0 -1630.0 1350.0
3517.0 -1692.0 1247.0
3527.0 -1677.0 1277.0
3557.0 -1692.0 1257.0
3680.0 -1775.0 1110.0
3567.0 -1735.0 1202.0
3400.0 -1667.0 1315.0
3492.0 -1707.0 1207.0
3437.0 -1655.0 1350.0
3417.0 -1615.0 1355.0
3542.0 -1745.0 1277.0
3375.0 -1730.0 1252.0
3380.0 -1702.0 1227.0
3375.0 -1707.0 1207.0
3370.0 -1677.0 1212.0
3370.0 -1645.0 1252.0
3422.0 -1672.0 1287.0
3370.0 -1630.0 1267.0
3375.0 -1717.0 1222.0
3340.0 -1765.0 1272.0
3467.0 -1797.0 1150.0
3457.0 -1755.0 1227.0
3585.0 -1697.0 1207.0
3482.0 -1662.0 1320.0
3405.0 -1790.0 1267.0
3395.0 -1775.0 1257.0
3370.0 -1562.0 1207.0
3390.0 -1592.0 1297.0
3442.0 -1735.0 1247.0
3320.0 -1625.0 1252.0
3412.0 -1672.0 1217.0
3472.0 -1712.0 1222.0
3462.0 -1707.0 1165.0
3375.0 -1677.0 1227.0
3270.0 -1682.0 1325.0
3217.0 -1697.0 1315.0
2940.0 -590.0 1140.0
3202.0 -940.0 1125.0
3390.0 -1137.0 1115.0
3132.0 -1090.0 1212.0
3260.0 -1075.0 1155.0
3365.0 -1192.0 1037.0
3217.0 -1157.0 1197.0
3242.0 -1110.0 1145.0
3192.0 -1052.0 1262.0
3330.0 -1205.0 1115.0
3107.0 -1100.0 1237.0
3132.0 -975.0 1267.0
3295.0 -1125.0 1105.0
3137.0 -1017.0 1315.0
3045.0 -1042.0 1227.0
3092.0 -1027.0 1262.0
2975.0 -1075.0 1282.0
3132.0 -1042.0 1202.0
3232.0 -1172.0 1150.0
3035.0 -1047.0 1305.0
3265.0 -1137.0 1160.0
3260.0 -1152.0 1155.0
3050.0 -1037.0 1330.0
3280.0 -1115.0 1177.0
3092.0 -1057.0 1237.0
3112.0 -1100.0 1160.0
3222.0 -1110.0 1165.0
3162.0 -1070.0 1345.0
3260.0 -1182.0 1135.0
3417.0 -1172.0 1065.0
3132.0 -1075.0 1227.0
3305.0 -1172.0 1110.0
3335.0 -1172.0 1140.0
3295.0 -1075.0 1192.0
3232.0 -1017.0 1237.0
3087.0 -1095.0 1237.0
3167.0 -1137.0 1227.0
3222.0 -1065.0 1150.0
3157.0 -1100.0 1177.0
3152.0 -1042.0 1207.0
3217.0 -1105.0 1192.0
3112.0 -1085.0 1212.0
3045.0 -1047.0 1242.0
3340.0 -1210.0 1095.0
3097.0 -902.0 1360.0
2950.0 -945.0 1420.0
3212.0 -1090.0 1182.0
3187.0 -1080.0 1150.0
3207.0 -1105.0 1182.0
3162.0 -1085.0 1182.0
2620.0 -15.0 1037.0
2720.0 -127.0 1060.0
2792.0 -300.0 1090.0
2862.0 -332.0 1095.0
2975.0 -372.0 1065.0
2802.0 -305.0 1100.0
2720.0 -212.0 1197.0
2882.0 -315.0 1045.0
2797.0 -377.0 1037.0
2705.0 -237.0 1182.0
2822.0 -310.0 1080.0
2955.0 -320.0 992.0
2930.0 -325.0 1022.0
2917.0 -310.0 1075.0
2750.0 -237.0 1120.0
2767.0 -227.0 1177.0
2740.0 -195.0 1165.0
2817.0 -290.0 1115.0
2660.0 -257.0 1262.0
2802.0 -222.0 1150.0
2945.0 -310.0 1017.0
2705.0 -222.0 1145.0
2950.0 -310.0 1037.0
2725.0 -332.0 1222.0
2857.0 -232.0 1212.0
2892.0 -372.0 1050.0
2892.0 -387.0 1155.0
2827.0 -320.0 1247.0
2802.0 -310.0 1187.0
2610.0 -347.0 1277.0
2822.0 -425.0 1217.0
2665.0 -337.0 1345.0
2822.0 -392.0 1085.0
3000.0 -455.0 1105.0
2897.0 -295.0 1160.0
2862.0 -320.0 1135.0
2930.0 -305.0 1140.0
3055.0 -440.0 1027.0
2892.0 -337.0 1110.0
2690.0 -280.0 1165.0
2960.0 -295.0 1100.0
2955.0 -325.0 1075.0
2772.0 -315.0 1110.0
2740.0 -305.0 1207.0
2767.0 -315.0 1182.0
2817.0 -320.0 1135.0
2660.0 -237.0 1247.0
2822.0 -222.0 1212.0
2867.0 -305.0 1145.0
2660.0 -262.0 1247.0
